ID	Duration	MinDuration	note	Usage	MaxCount	MaxDuration	CanBackup	MaxOverDraftCount	CanAccelerate	NeedSyncOB
1	5	5	仇杀的CD	13	1	5		0	0	0
2	5	5	纯阳_乌龟饲料	3	1	5	1	0	1	0
3	5	5	屠杀的CD	13	1	5		0	0	0
4	20	20	少林普渡棍法之拈花献佛CD	5	1	20	1	0	1	0
5	30	30	少林洗髓经佛光普照CD	5	1	30	1	0	1	0
6	30	30	少林易筋经金刚护体CD	5	1	30	1	0	1	0
7	2	2	NPC技能CD	12	1	2		0	0	0
8	0.5	0.5	江湖_普通攻击	11	1	0.5		0	1	0
9	30	30	非战斗状态立即恢复品CD	24	1	30		0	0	0
10	10	10	非战斗状态HOT恢复品CD	24	1	10		0	0	0
11	30	30	绷带CD	15	1	30		0	0	0
12	10	10	江湖_二段跳CD	11	1	10		0	1	0
13	10	10	加速	0	1	10		0	0	0
14	5	5	江湖_回风扫叶	11	1	5		0	1	0
15	15	15	新手特殊技能CD1	11	1	15		0	1	0
16	1.5	0	江湖_技能公共CD	11	1	3		0	0	0
17	20	20	新手特殊技能CD2	11	1	20		0	1	0
18	60	60	万花自封经脉技能CD	2	1	60	1	0	1	0
19	60	60	万花大小截穴技能CD	2	1	60	1	0	1	0
20	120	120	万花强化经脉技能	2	1	120	1	0	1	0
21	30	30	万花定身技能	2	1	30	1	0	1	1
22	15	15	万花点穴直接伤害	2	1	15	1	0	1	0
23	15	15	万花减速	2	1	15	1	0	1	0
35	2	2	道具CD1	13	1	2		0	0	0
36	75	75	少林_达摩武诀_舍身诀	5	1	75	1	0	1	1
37	300	300	少林_达摩武诀_轮回诀	5	1	300	0	0	1	1
38	20	20	少林_终结技_佛光初现	5	1	20	1	0	1	0
39	15	15	少林_终结技_恒河截沙	5	1	15	1	0	1	0
40	20	20	少林_袈裟伏魔功_五蕴皆空	5	1	20	1	0	1	0
41	30	30	少林_袈裟伏魔功_亦枯亦荣	5	1	30	1	0	1	0
42	20	20	少林_袈裟伏魔功_灵山施雨	5	1	20	1	0	1	0
43	15	15	少林_袈裟伏魔功_金刚怒目	5	1	15	1	0	1	0
44	30	30	少林_易筋经_易经锻骨	5	1	30	1	0	1	0
45	1.5	1	少林_龙爪手_拿云式	5	1	1.5	1	0	1	0
46	60	60	少林_达摩武诀_擒龙诀	5	1	60	1	0	1	1
47	80	80	少林_达摩武诀_无相诀	5	1	80	1	0	1	1
48	8	8	少林_龙爪手_抱残式	5	1	8	1	0	1	0
49	20	20	少林_龙爪手_捉影式	5	1	20	1	0	1	1
50	8	8	少林_龙爪手_守缺式	5	1	8	1	0	1	0
51	27	27	万花_养心决_星楼月影	2	1	27	1	0	1	1
52	60	60	万花_养心决_水月无间	2	1	60	1	0	1	1
53	45	45	万花_养心决_春泥护花	2	1	45	1	0	1	1
54	95	95	万花_养心决_碧水滔天	2	1	95	1	0	1	1
55	15	15	万花_真卿笔法_凌云难步	2	1	15	1	0	1	0
56	300	300	万花_素问_凝气诀	2	1	300	1	0	1	0
57	6	6	万花_真卿笔法_星楼望月	2	1	6	1	0	1	0
58	30	30	七秀_剑器浑脱_龙池乐	4	1	30	1	0	1	0
59	5	5	江湖_江湖功夫_进阶攻击	11	1	5		0	1	0
60	2	0	少林_罗汉棍法_普渡四方	5	1	4	1	0	1	0
61	20	20	少林_罗汉棍法_万佛朝宗	5	1	20	1	0	1	0
62	30	30	少林_易筋经_亦枯亦荣	5	1	30	1	0	1	0
63	60	60	少林_达摩武诀_锻骨诀	5	1	60	1	0	1	1
64	30	30	少林_袈裟伏魔功_袖纳乾坤	5	1	30	1	0	1	0
65	1	0	少林_罗汉棍法_韦陀献杵	5	1	2	1	0	1	0
66	30	30	少林_袈裟伏魔功_不动明王	5	1	30	1	0	1	0
67	15	15	少林_罗汉棍法_摩诃无量	5	1	15	1	0	1	1
68	1.5	1.5	少林_袈裟伏魔功_立地成佛	5	1	1.5	1	0	1	0
69	12	12	少林_罗汉棍法_横扫六合	5	1	12	1	0	1	1
70	30	30	少林_达摩武诀_佛心诀	5	1	30	1	0	1	0
71	6	6	少林_罗汉棍法_恒河劫沙	5	1	6	1	0	1	0
72	20	20	少林_袈裟伏魔功_罗汉金身	5	1	20	1	0	1	1
73	6	6	少林_龙爪手_捕风式	5	1	6	1	0	1	1
74	38	38	少林_袈裟伏魔功_大狮子吼	5	1	38	1	0	1	1
75	25	25	少林_龙爪手_抢珠式	5	1	25	1	0	1	1
76	1	1	医术公用CD	24	1	1		0	0	0
77	120	120	回血药品共用CD	24	1	120		0	0	0
78	120	120	回蓝药品共用CD	24	1	120		0	0	0
79	120	120	天赋技能	11	1	120		0	1	0
80	15	15	纯阳-九转归真	3	1	15	1	0	1	1
81	25	25	纯阳_八卦洞玄	3	1	25	1	0	1	1
82	8	8	纯阳_天地无极	3	1	8	1	0	1	0
83	12	12	纯阳_万剑归宗	3	1	12	1	0	1	1
84	90	90	纯阳_抱元守缺	3	1	90	1	0	1	0
85	15	15	纯阳_致虚极	3	1	15	1	0	1	0
86	20	20	纯阳_剑飞惊天	3	1	20	1	0	1	1
87	86400	86400	密聊加好感度专用CD	13	1	86400		0	0	0
88	4	4	轻功	11	1	4	1	0	1	0
89	86400	86400	切磋加好感度专用CD	13	1	86400		0	0	0
90	1800	1800	寇岛宝藏机甲人	21	1	1800		0	0	0
91	2	0	天策-穿云	1	1	4	1	0	1	1
92	3	0	天策-破风	1	1	6	1	0	1	0
93	8	8	天策-定军	1	1	8	1	0	1	1
94	30	30	天策-撼如雷	1	1	30	1	0	1	1
96	120	120	天策-徐如林	1	1	120	1	0	1	0
97	1.5	0	天策-龙牙	1	1	3	1	0	1	0
98	18	18	天策-突	1	1	18	1	0	1	1
99	10	10	天策-乱	1	1	10	1	0	1	0
100	120	120	天策-啸如虎	1	1	120	1	0	1	1
101	8	8	天策-灭	1	1	8	1	0	1	1
102	180	180	天策-御奔突	1	1	180	1	0	1	1
103	15	15	天策-破坚阵	1	1	15	1	0	1	1
104	1	1	天策-战八方	1	1	1	1	0	1	0
105	25	25	天策-断魂刺	1	1	25	1	0	1	1
106	90	90	天策-掠如火	1	1	90	1	0	1	0
107	82	82	天策-疾如风	1	1	82	1	0	1	1
108	40	40	天策-任驰骋	1	2	40	1	0	1	1
109	3	3	枫华谷任务_毒龙镖	29	1	3		0	0	0
110	120	120	七秀_剑气浑脱_满堂势	4	1	120	1	0	1	1
111	1800	1800	七秀_剑气浑脱_心鼓弦	4	1	1800	1	0	1	1
112	480	480	七秀_剑气浑脱_邻里曲	4	1	480	1	0	1	1
113	1200	1200	剑器浑脱_心鼓弦	4	1	1200	1	0	1	0
114	60	60	七秀_剑气浑脱_鹊踏枝	4	2	60	1	0	1	1
115	120	120	七秀_西河剑器_羿射九日	4	1	120	1	0	1	0
116	10	10	七秀_猿公剑法_剑影留痕	4	1	10	1	0	1	1
117	90	90	七秀_西河剑器_雷霆震怒	4	1	90	1	0	1	1
118	90	90	七秀_西河剑器_月华倾泻	4	1	90	1	0	1	0
119	65	65	七秀_西河剑器_天地低昂	4	1	65	1	0	1	1
120	75	75	七秀_剑气浑脱_蝶弄足	4	2	75	1	0	1	1
121	30	30	七秀_剑气浑脱_龙池乐	4	1	30	1	0	1	0
122	43	43	七秀_西河剑器_绛唇珠袖	4	1	43	1	0	1	0
123	6	6	七秀_猿公剑法_剑气长江	4	1	6	1	0	1	1
124	40	40	七秀_西河剑器_帝骖龙翔	4	1	40	1	0	1	1
125	30	30	七秀_猿公剑法_剑心通明	4	1	30	1	0	1	1
126	12	12	江湖_新手技能AOE	11	1	12		0	1	0
127	120	120	江湖_新手技能回复	11	1	120		0	1	0
128	45	45	江湖_新手技能狂暴	11	1	45		0	1	0
129	0.1	0.1	普通配方	0	1	0.1		0	0	0
130	10	10	精力体力	13	1	10		0	0	0
131	3600	3600	大餐	14	1	3600		0	0	0
132	1	1	烹饪公共CD	14	1	1		0	0	0
133	120	120	回复品	24	1	120		0	0	0
134	120	120	特殊品1_2分钟	0	1	120		0	0	0
135	60	60	特殊品2_1分钟	0	1	60		0	0	0
136	120	120	特殊品2_2分钟	0	1	120		0	0	0
137	300	300	特殊品2_5分钟	0	1	300		0	0	0
138	1800	1800	特殊品2_30分钟	0	1	1800		0	0	0
139	120	120	特殊品3_2分钟	0	1	120		0	0	0
140	180	180	特殊品3_3分钟	0	1	180		0	0	0
141	120	120	特殊品4_2分钟	0	1	120		0	0	0
142	180	180	特殊品4_3分钟	0	1	180		0	0	0
143	6	6	寇岛火炬任务	21	1	6		0	0	0
144	1	1	道具CD_1秒	13	1	1		0	0	0
145	2	2	道具CD_2秒	13	1	2		0	0	0
146	5	5	道具CD_5秒	13	1	5		0	0	0
147	10	10	道具CD_10秒	13	1	10		0	0	0
148	20	20	天策_御	1	1	20	1	0	1	1
149	280	280	天策-守如山	1	1	280	1	0	1	1
150	8	8	天策-龙吟	1	1	8	1	0	1	1
151	6	6	天策-穿	1	1	6	1	0	1	0
152	1200	1200	门派间CD	11	1	1200		0	1	0
153	300	300	天策-门派内CD	1	1	300	1	0	1	0
154	300	300	纯阳-门派内CD	3	1	300	1	0	1	0
155	300	300	万花-门派内CD	2	1	300	1	0	1	0
156	300	300	少林-门派内CD	5	1	300	1	0	1	0
157	300	300	七秀-门派内CD	4	1	300	1	0	1	0
160	60	60	纯阳-凭虚御风	3	1	60	1	0	1	1
161	30	30	扶摇直上	11	1	30	1	0	1	0
162	1	1	纯阳-凝神聚气	3	1	1	1	0	1	0
163	30	30	纯阳-坐望无我	3	1	30	1	0	1	1
164	150	150	纯阳-韬光养晦	3	1	150	1	0	1	1
165	30	30	轻功前冲	11	1	30	1	0	1	1
166	30	30	轻功疾退	11	1	30	1	0	1	0
167	30	30	轻功左闪	11	1	30	1	0	1	0
168	30	30	轻功右闪	11	1	30	1	0	1	0
169	15	15	纯阳-五方行尽	3	1	15	1	0	1	1
170	6	6	纯阳-气场CD	3	1	6	1	0	1	0
171	115	115	纯阳-转乾坤	3	1	115	1	0	1	1
172	20	20	纯阳-大道无术	3	1	20	1	0	1	1
173	2	0	纯阳-三环套月	3	1	4	1	0	1	0
174	240	240	纯阳_镇山河	3	1	240	1	0	1	1
175	6	6	万花_点穴截脉_少明指	2	1	6	1	0	1	1
176	17	17	万花_点穴截脉_太阴指	2	1	17	1	0	1	1
177	10	10	万花_点穴截脉_厥阴指	2	1	10	1	0	1	1
178	25	25	万花_百花拂穴手_芙蓉并蒂	2	1	25	1	0	1	1
179	30	30	万花_百花拂穴手_傍花随柳	2	1	30	1	0	1	1
180	5	5	万花_百花拂穴手_钟林毓秀	2	1	5	1	0	1	1
181	6	6	万花_百花拂穴手_兰摧玉折	2	1	6	1	0	1	1
182	20	20	纯阳_三才化生	3	1	20	1	0	1	1
183	1	1	任务道具_七毒蝎尾针	0	1	1		0	0	0
184	20	20	七秀_猿公剑法_剑灵寰宇	4	1	20	1	0	1	0
185	33	33	七秀_霓裳羽衣_风袖低昂	4	1	33	1	0	1	1
186	6	6	七秀_霓裳羽衣_上元点鬟	4	1	6	1	0	1	0
187	60	60	七秀_霓裳羽衣_繁音急节	4	1	60	1	0	1	1
188	12	12	七秀_霓裳羽衣_王母挥袂	4	1	12	1	0	1	1
189	20	20	天策-裂苍穹	1	1	20	1	0	1	0
190	15	15	天策-崩	1	1	15	1	0	1	1
191	6	6	七秀_猿公剑法_剑主天地	4	1	6	1	0	1	0
192	1.5	1.5	江湖_打坐	11	1	1.5		0	1	0
193	25	25	少林_千斤坠	5	1	25	1	0	1	1
194	1	1	七毒蝎尾针	0	1	1		0	0	0
195	120	120	万花_花语酥心	2	1	120	1	0	1	0
196	20	20	纯阳_人剑合一	3	1	20	1	0	1	1
197	20	20	天策-沧月	1	1	20	1	0	1	1
198	3	3	七秀_云裳心经_跳珠憾玉	4	1	3	1	0	1	1
199	1.5	1.5	七秀_西河剑器_名动四方	4	1	1.5	1	0	1	0
200	3600	3600	礼品道具CD	0	1	3600		0	0	0
201	20	20	万花_毫针	2	1	20	1	0	1	1
202	5	5	稻香村赶猪棒	15	1	5		0	0	0
203	180	180	自绝经脉60分钟	0	1	180		0	0	0
204	30	30	轻功扶摇直上	11	1	30	1	0	1	1
205	1.5	1.5	纯阳_聚气凝元	3	1	1.5	1	0	1	0
207	15	15	洛道任务――赶走军马CD	20	1	15		0	0	0
208	60	60	万花_大针	2	1	60	1	0	1	1
209	5	5	江湖_暗器攻击	11	1	5		0	1	0
210	3600	3600	技艺-阅读绿色CD	25	1	3600		0	0	0
211	21600	21600	技艺-阅读蓝色CD	25	1	21600		0	0	0
212	86400	86400	技艺-阅读紫色CD	25	1	86400		0	0	0
213	20	20	扬州捉萤火虫	16	1	20		0	0	0
214	3	3	少林_技能事件_增加反击点CD	5	1	3	1	0	1	0
215	6	6	少林_韦陀献杵_秘笈_增加反击点	5	1	6	1	0	1	0
216	180	180	送礼加好友度专用CD	13	1	180		0	0	0
217	3	3	纯阳-气宗阵法第四重	3	1	3	1	0	1	0
218	3	3	纯阳剑宗阵法第四重3秒CD	3	1	3	1	0	1	0
219	1	1	七秀_冰心诀_闪避后还击	4	1	1	1	0	1	0
220	1800	1800	辅助系_脑户_高血高防	31	1	1800		0	0	0
221	120	120	辅助系_后顶_吸收伤害	31	1	120		0	0	0
222	600	600	辅助系_百合_回血	31	1	600		0	0	0
223	600	600	辅助系_风府_自由行动	31	1	600		0	0	0
224	300	300	外功系_外丘_外功会心	31	1	300		0	0	0
225	300	300	外功系_悬钟_沉默	31	1	300		0	0	0
226	600	600	外功系_光明_重置CD	31	1	600		0	0	0
227	300	300	内功系_关门_内功会心	31	1	300		0	0	0
228	300	300	内功系_太乙_减速	31	1	300		0	0	0
229	600	600	内功系_幽门_重置CD	31	1	600		0	0	0
230	30	30	火毒	38	1	30		0	0	0
231	5	5	木毒	38	1	5		0	0	0
232	5	5	水毒	38	1	5		0	0	0
233	5	5	金毒	38	1	5		0	0	0
234	5	5	土毒	38	1	5		0	0	0
235	7200	7200	技艺-抄录碑文CD	25	1	7200		0	0	0
236	10	10	聊天CD	13	1	10		0	0	0
237	25	25	纯阳_冲阴阳	3	1	25	1	0	1	0
238	10	10	纯阳_破苍穹	3	1	10	1	0	1	1
239	90	90	纯阳_化三清	3	1	90	1	0	1	1
240	10	10	纯阳_生太极	3	1	10	1	0	1	1
241	10	10	纯阳_吞日月	3	1	10	1	0	1	1
242	10	10	纯阳_凌太虚	3	1	10	1	0	1	1
243	10	10	纯阳_碎星辰	3	1	10	1	0	1	1
244	1800	1800	基础系_龈交_传送	31	1	1800		0	0	0
245	1.5	1.5	纯阳-吐故纳新	3	1	1.5	1	0	1	0
246	7200	7200	基础系_兑瑞_重置传送cd	31	1	7200		0	0	0
247	72000	72000	基础系_上脘_传功准备	31	1	72000		0	0	0
248	30	30	草上飞	11	1	30		0	1	0
249	20	20	聊天频道1	13	1	20		0	0	0
250	30	30	聊天频道2	13	1	30		0	0	0
251	60	60	聊天频道3	13	1	60		0	0	0
252	5	5	七秀_云裳_躲闪	4	1	5	1	0	1	0
253	20	20	万花_花间游_被暴击回血	2	1	20	1	0	1	0
254	300	300	天尊赤火	42	1	300		0	0	0
255	600	600	武尊玄冰	42	1	600		0	0	0
256	1440	1440	修为药品一天冷却	24	1	1440		0	0	0
257	600	600	特殊品5_10分钟	0	1	600		0	0	0
258	120	120	蹴鞠CD	0	1	120		0	0	0
259	1.5	1.5	崩、定军和龙吟的公共CD	1	1	1.5	1	0	1	0
260	0.5	0.5	刷新频率0.5秒	13	1	0.5		0	0	0
261	43200	43200	碑铭-棍章第六	25	1	43200		0	0	0
262	43200	43200	碑铭-枪章第二	25	1	43200		0	0	0
263	86400	86400	碑铭-易筋经第五章	25	1	86400		0	0	0
264	86400	86400	碑铭-白驹	25	1	86400		0	0	0
265	86400	86400	碑铭-谷风	25	1	86400		0	0	0
266	86400	86400	碑铭-咏美人在天津桥	25	1	86400		0	0	0
267	86400	86400	碑铭-书典第七章	25	1	86400		0	0	0
268	86400	86400	碑铭-纯阳秘录第四章	25	1	86400		0	0	0
269	43200	43200	碑铭-十四难上篇	25	1	43200		0	0	0
270	43200	43200	碑铭-子非鱼	25	1	43200		0	0	0
271	86400	86400	碑铭-鹿王本生・下	25	1	86400		0	0	0
272	86400	86400	碑铭-昆仑派风物志	25	1	86400		0	0	0
273	86400	86400	碑铭-昆仑派历代掌门弟子	25	1	86400		0	0	0
274	86400	86400	碑铭-初唐四杰	25	1	86400		0	0	0
276	259200	259200	碑铭-第四章・出游感苦	25	1	259200		0	0	0
277	259200	259200	碑铭-鬼谷子本经阴符七术之四	25	1	259200		0	0	0
278	259200	259200	碑铭-吕祖百字碑疏义其五	25	1	259200		0	0	0
279	259200	259200	碑铭-少林书第四章	25	1	259200		0	0	0
280	259200	259200	碑铭-紫骝马	25	1	259200		0	0	0
281	259200	259200	碑铭-青龙・氐宿第三	25	1	259200		0	0	0
282	259200	259200	碑铭-咏风	25	1	259200		0	0	0
283	259200	259200	碑铭-从军行（二）	25	1	259200		0	0	0
284	259200	259200	碑铭-道德经卷三其八	25	1	259200		0	0	0
285	259200	259200	碑铭-玄武・壁宿第七	25	1	259200		0	0	0
286	259200	259200	碑铭-独不见	25	1	259200		0	0	0
287	259200	259200	碑铭-三十六计第一章	25	1	259200		0	0	0
288	259200	259200	碑铭-四象生八卦上	25	1	259200		0	0	0
289	259200	259200	碑铭-易筋经第一章	25	1	259200		0	0	0
290	259200	259200	碑铭-易筋经第二章	25	1	259200		0	0	0
291	259200	259200	碑铭-庐山东林寺杂诗	25	1	259200		0	0	0
292	259200	259200	碑铭-道德经卷五其三	25	1	259200		0	0	0
293	259200	259200	碑铭-剑侠山河图鉴其二	25	1	259200		0	0	0
294	259200	259200	碑铭-剑侠山河图鉴其八	25	1	259200		0	0	0
295	259200	259200	碑铭-风动心	25	1	259200		0	0	0
296	259200	259200	碑铭-黑白鼠上篇	25	1	259200		0	0	0
297	259200	259200	碑铭-少林高僧录其八	25	1	259200		0	0	0
298	259200	259200	碑铭-书信辑录其一・王维林家书	25	1	259200		0	0	0
299	259200	259200	碑铭-书信辑录其二・邀药王入谷书	25	1	259200		0	0	0
300	259200	259200	碑铭-朱雀・柳宿第三	25	1	259200		0	0	0
301	259200	259200	碑铭-盗亦有道	25	1	259200		0	0	0
302	259200	259200	碑铭-八仙传之一	25	1	259200		0	0	0
303	259200	259200	碑铭-禅武之争上	25	1	259200		0	0	0
304	259200	259200	碑铭-禅武之争下	25	1	259200		0	0	0
305	259200	259200	碑铭-少林风物论其一	25	1	259200		0	0	0
306	259200	259200	碑铭-少林风物论其二	25	1	259200		0	0	0
307	259200	259200	碑铭-阳宝笔录卷一第一章	25	1	259200		0	0	0
308	259200	259200	碑铭-鹿王本生・中	25	1	259200		0	0	0
309	259200	259200	碑铭-天下三智惟逊一秋	25	1	259200		0	0	0
310	259200	259200	碑铭-双兵第五	25	1	259200		0	0	0
311	1200	1200	道具CD_20分钟	13	1	1200		0	0	0
312	30	30	道具_30秒	13	1	30		0	0	0
314	0.5	0.5	新建装备	42	1	0.5		0	0	0
315	180	180	御厨七宝链	42	1	180		0	0	0
316	60	60	御厨勾涎戒	42	1	60		0	0	0
317	14400	14400	五彩球・赤	44	1	14400		0	0	0
318	14400	14400	五彩球・蓝	44	1	14400		0	0	0
319	1800	1800	元旦节日_经验	14	1	1800		0	0	0
320	60	60	元旦活动_掌门送礼	46	1	60		0	0	0
321	30	30	元旦活动_五彩球	46	1	30		0	0	0
322	10	10	好友频道10秒	13	1	10		0	0	0
323	5	5	师徒频道5秒	13	1	5		0	0	0
324	86400	86400	天工皮革	44	1	86400		0	0	0
325	180	180	戒指_观冥_提高内功AP	42	1	180		0	0	0
326	180	180	腰坠_聚力坠_提高外功AP	42	1	180		0	0	0
327	180	180	腰坠_忍风链_提高内功抗性	42	1	180		0	0	0
328	180	180	腰坠_圣士腰坠_提高内功会心	42	1	180		0	0	0
329	180	180	腰坠_东海珠坠_提高治疗AP	42	1	180		0	0	0
330	72000	72000	天工锦缎	44	1	72000		0	0	0
331	30	30	商店购买CD	13	1	30		0	0	0
332	15	15	藏剑_秀水剑法_玉虹贯日	6	1	15	1	0	1	1
333	1.5	1.5	藏剑_秀水剑法_九溪弥烟	6	1	1.5	1	0	1	1
334	30	30	藏剑_秀水剑法_玉泉鱼跃	6	1	30	1	0	1	1
335	8	8	藏剑_秀水剑法_黄龙吐翠	6	1	8	1	0	1	1
336	24	24	藏剑_秀水剑法_梦泉虎跑	6	1	24	1	0	1	1
337	20	20	藏剑_灵峰剑式_鹤归孤山	6	1	20	1	0	1	1
339	300	300	藏剑内功CD	6	1	300	1	0	1	0
340	45	45	藏剑_灵峰剑式_霞流宝石	6	1	45	1	0	1	1
341	15	15	藏剑_灵峰剑式_峰插云景	6	1	15	1	0	1	1
342	1800	1800	清除神行道具CD	13	1	1800		0	0	0
343	90	90	藏剑_灵峰剑式_风来吴山	6	1	90	1	0	1	1
344	3	3	藏剑_君子风_听雷	6	1	3	1	0	1	1
345	15	15	藏剑_君子风_醉月	6	1	15	1	0	1	1
346	30	30	藏剑_君子风_探梅	6	1	30	1	0	1	1
347	12	12	藏剑_君子风_啸日	6	2	12	1	0	1	1
348	120	120	藏剑_西子情_莺鸣柳	6	1	120	1	0	1	1
349	100	100	藏剑_西子情_雪断桥	6	1	100	1	0	1	0
350	25	25	藏剑_西子情_风吹荷	6	1	25	1	0	1	1
351	40	40	藏剑_西子情_泉凝月	6	1	40	1	0	1	1
352	70	70	藏剑_西子情_云栖松	6	1	70	1	0	1	1
353	30	30	战宝装备	42	1	30		0	0	0
354	72000	72000	玉钢锭	锻造	1	72000		0	0	0
355	8	8	藏剑_秀水剑法_平湖断月	6	1	8	1	0	1	1
356	900	900	战宝道具cd15分钟	42	1	900		0	0	0
357	14400	14400	消除传功Debuff_4小时	46	1	14400		0	0	0
358	14400	14400	消除被传功Debuff_4小时	46	1	14400		0	0	0
359	15	15	绷带类使用公共CD	24	1	15		0	0	0
360	14400	14400	消除经脉错乱Debuff_4小时	46	1	14400		0	0	0
361	120	120	橙色武器_2分钟CD	42	1	120		0	0	0
362	10	10	藏剑_君子风_惊涛	6	1	10	1	0	1	1
363	4	4	藏剑_灵峰剑式_云飞玉皇	6	1	4	1	0	1	1
364	120	120	降低仇恨类药品CD	24	1	120		0	0	0
365	30	30	饰品装备CD	42	1	30		0	0	0
366	120	120	武器装备CD	42	1	120		0	0	0
367	10	10	2人副本_夜射天狼_瞄准射击CD	0	1	10		0	0	0
368	72000	72000	经验粽子_20小时	46	1	72000		0	0	0
369	120	120	海纳百川_2分钟	46	1	120		0	0	0
370	120	120	抽射_2分钟	46	1	120		0	0	0
371	72000	72000	修为粽子_20小时	46	1	72000		0	0	0
372	1800	1800	玫瑰_30分钟	46	1	1800		0	0	0
373	1800	1800	牡丹_30分钟	46	1	1800		0	0	0
374	20	20	藏剑_君子风_摘星	6	1	20	1	0	1	0
375	600	600	基础系_神阙_重置CD	31	1	600		0	0	0
376	3600	3600	传功	31	1	3600		0	0	0
377	600	600	基础系_巨阙_重置门派CD	31	1	600		0	0	0
378	14400	14400	基础系_下脘_满蓝满剑气	31	1	14400		0	0	0
379	14400	14400	基础系_中脘_满血	31	1	14400		0	0	0
380	3600	3600	CD1小时	49	1	3600		0	0	0
381	3600	3600	CD1小时	49	1	3600		0	0	0
382	180	180	PVP_腰坠_3分钟	42	1	180		0	0	0
383	8	8	藏剑_君子风_断潮	6	1	8	1	0	1	0
384	25	25	纯阳-剑冲阴阳	3	1	25	1	0	1	1
385	12	12	五毒_五仙图录_蟾啸	9	1	12	1	0	1	1
386	120	120	大厨武器	46	1	120		0	0	0
387	30	30	宠物公共CD	9	1	30	1	0	1	0
388	27	27	圣蝎引	9	1	27	1	0	1	0
389	27	27	玉蟾引	9	1	27	1	0	1	0
390	27	27	灵蛇引	9	1	27	1	0	1	1
391	27	27	风蜈引	9	1	27	1	0	1	0
392	27	27	天蛛引	9	1	27	1	0	1	1
393	1	1	宠物攻击指令	9	1	1	1	0	1	0
394	1	1	宠物主动指令	9	1	1	1	0	1	0
395	1	1	宠物防守指令	9	1	1	1	0	1	0
396	1	1	宠物被动指令	9	1	1	1	0	1	0
397	1	1	宠物跟随指令	9	1	1	1	0	1	0
398	1	1	宠物停留指令	9	1	1	1	0	1	0
399	20	20	五毒_补天心经_蛊惑众生	9	1	20	1	0	1	1
400	18	18	五毒_五仙图录_百足	9	1	18	1	0	1	1
401	8	8	五毒_五仙图录_千丝	9	1	8	1	0	1	1
402	12	12	五毒_万蛊真解_三种蛊GCD	9	1	12	1	0	1	1
403	60	60	五毒_补天心经_女娲补天	9	1	60	1	0	1	1
404	35	35	五毒_大荒驭龙_蛊虫献祭	9	1	35	1	0	1	1
405	120	120	五毒_补天心经_仙王蛊鼎	9	1	120	1	0	1	1
406	105	105	五毒_补天心经_金蟾吐瑞	9	1	105	1	0	1	1
407	900	900	五毒_万蛊真解_凤凰蛊	9	1	900	1	0	1	1
408	25	25	圣蝎_减速	9	1	25	1	0	1	0
409	20	20	玉蟾_嘲讽	9	1	20	1	0	1	0
410	12	12	灵蛇_伤害	9	1	12	1	0	1	0
411	15	15	风蜈_加速	9	1	15	1	0	1	1
412	20	20	天蛛_拉人	9	1	20	1	0	1	0
413	1	1	宠物仇恨开关	9	1	1	1	0	1	0
414	600	600	帮会匾额_10分钟	13	1	600		0	0	0
415	600	600	帮会旗帜_10分钟	13	1	600		0	0	0
416	600	600	帮会战旗_10分钟	13	1	600		0	0	0
417	7200	7200	帮会召唤帮众_2小时	13	1	7200		0	0	0
418	7200	7200	帮会召唤NPC_2小时	13	1	7200		0	0	0
419	59	59	CD59秒	49	1	59		0	0	0
420	120	120	少林_达摩武诀_金刚诀	5	1	120	1	0	1	0
421	8	8	少林_龙爪手_涅式	5	1	8	1	0	1	1
422	3	3	藏剑_秀水剑法_踏雪寻梅	6	1	3	1	0	1	0
423	120	120	藏剑_西子情_东逝水	6	1	120	1	0	1	0
424	8	8	藏剑_灵锋剑式_雪满天山	6	1	8	1	0	1	0
425	90	90	藏剑_西子情_小天下	6	1	90	1	0	1	0
426	60	60	少林_袈裟伏魔功_三世诸佛	5	1	60	1	0	1	0
427	30	30	少林_罗汉棍法_归去来棍	5	1	30	1	0	1	0
428	75	75	万花_养心诀_乱洒青荷	2	1	75	1	0	1	1
429	6	6	万花_少阳指	2	1	6	1	0	1	0
430	8	8	万花_清风垂露	2	1	8	1	0	1	0
431	1	1	太极四象子技能CD	3	1	1	1	0	1	0
432	10	10	两仪雨集CD	3	1	10	1	0	1	0
433	45	45	纯阳-紫气东来	3	1	45	1	0	1	1
434	4	4	天策-灭对自身伤害	1	1	4	1	0	1	0
435	4	4	天策_灭对目标伤害	1	1	4	1	0	1	0
436	30	30	天策_骑射	1	1	30	1	0	1	1
437	20	20	天策_霹雳2层充能	1	2	20	1	0	1	1
438	12	12	纯阳_风雨如晦	3	1	12	1	0	1	0
439	300	300	擂台鲜花CD_5分钟	13	1	300		0	0	0
440	30	30	五毒_幻蛊	9	1	30	1	0	1	1
441	1	1	七秀_霓裳羽衣_王母挥袂_子技能	4	1	1	1	0	1	1
442	120	120	五毒_大荒御龙_蛊虫狂暴	9	1	120	1	0	1	1
443	10	10	五毒阵法10秒CD	9	1	10	1	0	1	0
444	2.5	2.5	后跳CD2.5秒	13	1	2.5		0	0	0
445	180	180	五毒_补天心经_真凰浴火	9	1	180	1	0	1	0
446	60	60	万花_养心诀_绣阁空手	2	1	60	1	0	1	1
447	180	180	天策_昂如岳	1	1	180	1	0	1	0
448	30	30	天策_渊	1	1	30	1	0	1	1
449	180	180	七秀_剑器洒脱_风唤梦	4	1	180	1	0	1	0
450	30	30	五毒_化蝶	9	1	30	1	0	1	1
451	10	10	七秀_猿公剑法_剑破虚空	4	1	10	1	0	1	1
452	300	300	五毒_门派内功切换CD	9	1	300	1	0	1	0
453	8	8	阵营大杀器_8秒	13	1	8		0	0	0
454	17	17	五毒_圣手织天	9	1	17	1	0	1	1
455	120	120	荻花圣殿特殊武器CD	42	1	120		0	0	0
456	27	27	蝴蝶引	9	1	27	1	0	1	1
457	1	1	天地无极_内置CD	3	1	1	1	0	1	0
458	600	600	蹴鞠袋子CD_10分钟	成都	1	600		0	0	0
459	600	600	成都蹴鞠袋子_10分钟	13	1	600		0	0	0
460	6	6	蝴蝶_解控	9	1	6	1	0	1	0
461	1	1	太极无极子技能_内置CD	3	1	1	1	0	1	0
462	15	15	孔雀翎	10	1	15	1	0	1	1
463	12	12	追命箭	10	1	12	1	0	1	1
464	20	20	穿心弩	10	2	20	1	0	1	1
465	10	10	卸元箭	10	1	10	1	0	1	1
466	45	45	连环弩	10	1	45	1	0	1	0
467	10	10	逐星箭	10	1	10	1	0	1	1
468	1	1	逐星箭_子技能	10	1	1	1	0	1	1
469	120	120	浮光掠影	10	1	120	1	0	1	1
470	90	90	惊鸿游龙	10	1	90	1	0	1	1
471	80	80	荆天棘地	10	1	80	1	0	1	1
472	20	20	子母飞爪	10	1	20	1	0	1	1
473	30	30	三段跳	10	1	30	1	0	1	0
474	28800	28800	中秋活动_月饼	46	1	28800		0	0	0
475	40	40	飞星遁影	10	2	40	1	0	1	1
476	25	25	雷震子	10	1	25	1	0	1	1
477	18	18	毒蒺藜	10	1	18	1	0	1	1
478	15	15	梅花针	10	1	15	1	0	1	1
479	30	30	断魂砂	10	1	30	1	0	1	0
480	30	30	鲲鹏铁爪	10	1	30	1	0	1	0
481	20	20	天绝地灭	10	1	20	1	0	1	1
482	45	45	千机变	10	1	45	1	0	1	0
483	12	12	转化公用CD	10	1	12	1	0	1	0
484	20	20	迷神钉	10	1	20	1	0	1	1
485	8	8	暴雨梨花针	10	2	8	1	0	1	1
486	1	1	飞星遁影内置CD	10	1	1	1	0	1	0
487	4	4	暗藏杀机	10	1	4	1	0	1	1
488	90	90	鬼斧神工	10	1	90	1	0	1	1
489	1	1	两仪化形_无形CD	3	1	1	1	0	1	0
490	90	90	心无旁骛	10	1	90	1	0	1	1
491	1	1	千机变指令CD	10	1	1	1	0	1	0
492	15	15	千机变特殊CD	10	1	15	1	0	1	0
493	300	300	唐门内功CD	10	1	300	1	0	1	0
494	86400	86400	(494) 帮会传送道具_24小时	13	1	86400		0	0	0
495	3	3	冬至_机甲人特技_3秒	46	1	3		0	0	0
496	1800	1800	碧露丹_30分钟	13	1	1800		0	0	0
497	900	900	特殊品6_15分钟	0	1	900		0	0	0
498	600	600	动态阵法_10分钟	46	1	600		0	0	0
499	8	8	万花_太素九针_彼针	2	1	8	1	0	1	1
500	300	300	烛龙殿装备用	0	1	300		0	0	0
501	1	1	飞星遁影保护	10	1	1	1	0	1	1
502	300	300	轻功道具CD	24	1	300		0	0	0
503	1	0	明教_技能公共CD	8	1	2	1	0	1	0
504	0.5	0.5	明教_幽月轮_三下之间间隔	8	1	0.5	1	0	1	0
505	6	6	明教_银月斩	8	1	6	1	0	1	1
506	15	15	明教_寒月耀	8	1	15	1	0	1	1
507	0.5	0.5	明教_赤日轮_三下之间间隔	8	1	0.5	1	0	1	0
508	6	6	明教_烈日斩	8	1	6	1	0	1	1
509	15	15	明教_煌日照	8	1	15	1	0	1	0
510	60	60	明教_夜叉心	8	1	60	1	0	1	1
511	95	95	明教_光明相	8	1	95	1	0	1	1
512	30	30	明教_幻光步	8	1	30	1	0	1	1
513	45	45	明教_归寂道	8	1	45	1	0	1	1
514	30	30	明教_寂镜卫	8	1	30	1	0	1	0
515	55	55	明教_贪魔体	8	2	55	1	0	1	1
516	45	45	明教_暗尘弥散	8	1	45	1	0	1	1
517	35	35	明教_怖畏暗刑	8	2	35	1	0	1	1
518	6	6	明教_业海罪缚	8	1	6	1	0	1	0
519	12	12	明教_流光囚影	8	2	12	1	0	1	1
520	95	95	明教_生灭予夺	8	1	95	1	0	1	1
521	4	4	明教_驱夜断愁	8	1	4	1	0	1	1
522	6	6	明教_戒火斩	8	1	6	1	0	1	1
523	60	60	明教_极乐引	8	1	60	1	0	1	1
524	15	15	明教_慈悲愿	8	1	15	1	0	1	1
525	120	120	明教_性命海	8	1	120	1	0	1	0
526	60	60	明教_渡厄力	8	1	60	1	0	1	1
527	300	300	明教_朝圣言	8	1	300	1	0	1	1
536	30	30	充值伞30秒cd	0	1	30		0	0	0
537	1	1	明教_暗尘弥散_内CD	8	1	1	1	0	1	0
538	15	15	天罗特殊武器15秒CD	42	1	15		0	0	0
539	10	10	箭弩车5秒	38	1	10		0	0	0
540	30	30	箭弩车30秒	38	1	30		0	0	0
541	2	2	寇岛火炮	21	1	2		0	0	0
542	20	20	钻心刺骨	10	1	20	1	0	1	0
543	45	45	明教_圣明佑	8	1	45	1	0	1	0
544	45	45	明教_圣明佑_45秒CD	8	1	45	1	0	1	0
545	30	30	明教_圣明佑_30秒CD	8	1	30	1	0	1	0
546	60	60	特殊属性雷1min	42	1	60		0	0	0
547	180	180	特殊属性风3min	42	1	180		0	0	0
548	5	5	门派活动_万花机甲_天火劈	46	1	5		0	0	0
549	12	12	门派活动_万花机甲_惊魂踏	46	1	12		0	0	0
550	20	20	门派活动_万花机甲_势不可挡	46	1	20		0	0	0
551	4	4	门派活动_万花机甲_焚野轰	46	1	4		0	0	0
552	10	10	门派活动_万花机甲_千雷爆	46	1	10		0	0	0
553	8	8	门派活动_万花机甲_整甲缮兵	46	1	8		0	0	0
554	15	15	门派活动_万花机甲_重振旗鼓	46	1	15		0	0	0
555	20	20	门派活动_万花机甲_护身盾甲	46	1	20		0	0	0
556	5	5	门派活动扶摇	46	1	5		0	0	0
557	5	5	门派活动千斤坠	46	1	5		0	0	0
558	4	4	门派活动百步穿杨	46	1	4		0	0	0
559	3	3	门派活动乘龙箭	46	1	3		0	0	0
560	5	5	门派活动_甩杆5秒	46	1	5		0	0	0
561	4	4	门派活动_甩杆	46	1	4		0	0	0
562	4	4	门派活动_收杆	46	1	4		0	0	0
563	25	25	明教_无明魂锁	8	1	25	1	0	1	1
564	5	5	明教_暗尘弥散_5秒惩罚CD	8	1	5	1	0	1	0
565	300	300	明教_门派内CD	8	1	300	1	0	1	0
566	14400	14400	监狱_捕快CD	46	1	14400		0	0	0
567	20	20	大战果萌萌_人剑合一	46	1	20		0	0	0
568	15	15	大战果萌萌_剑冲阴阳	46	1	15		0	0	0
569	12	12	大战果萌萌_万剑归宗	46	1	12		0	0	0
570	180	180	大战果萌萌_坐忘无我	46	1	180		0	0	0
571	3600	3600	大战果萌萌_凝神聚气	46	1	3600		0	0	0
572	5	5	大战果萌萌_聂云逐月	46	1	5		0	0	0
573	60	60	烟花筒_爆竹	46	1	60		0	0	0
574	604800	604800	运维补偿用_一周1	13	1	604800		0	0	0
575	604800	604800	运维补偿用_一周2	13	1	604800		0	0	0
576	120	120	劫镖活动_心眼	0	1	120		0	0	0
577	10	10	马嵬坡任务_燃烟惑敌	0	1	10		0	0	0
578	10	10	马嵬坡任务_怒吼慑敌	0	1	10		0	0	0
579	10	10	马嵬坡任务_火牛破敌	0	1	10		0	0	0
580	25	25	凝神聚气CD	3	1	25	1	0	1	0
581	30	30	纯阳_返本归元30秒cd	3	1	30	1	0	1	0
582	30	30	清音诀30秒cd	5	1	30	1	0	1	0
583	30	30	虚空交椅cd1	42	1	30		0	0	0
584	30	30	虚空交椅cd2	42	1	30		0	0	0
585	180	180	90级江湖风府	11	1	180		0	1	0
586	300	300	90级江湖百会	11	1	300		0	1	0
587	300	300	90级江湖外丘	11	1	300		0	1	0
588	180	180	90级江湖太乙	11	1	180		0	1	0
589	300	300	90级江湖脑户	11	1	300		0	1	0
590	0.5	0.5	丐帮按键GCD	7	1	0.5	1	0	1	0
591	0.5	0.5	天策_疾如风aoe	1	1	0.5	1	0	1	0
592	1.5	1.5	阵法gcd	11	1	1.5		0	1	0
593	5	5	大明宫_马球_击球CD	12	1	5		0	0	0
594	8	8	大明宫_马球_冲撞	12	1	8		0	0	0
595	25	25	大明宫_马球_冲刺	12	1	25		0	0	0
596	30	30	蜀犬吠日	7	1	30	1	0	1	1
597	20	20	棒打狗头	7	1	20	1	0	1	1
598	8	8	天下无狗	7	1	8	1	0	1	1
599	20	20	恶狗拦路	7	1	20	1	0	1	1
600	10	10	龙跃于渊	7	1	10	1	0	1	1
601	10	10	龙战于野	7	1	10	1	0	1	0
602	15	15	时乘六龙	7	1	15	1	0	1	1
603	45	45	龙啸九天	7	1	45	1	0	1	1
604	25	25	见龙在田	7	1	25	1	0	1	1
605	35	35	酒中仙	7	1	35	1	0	1	1
606	30	30	烟雨行	7	2	30	1	0	1	1
607	120	120	啸醉狂	7	1	120	1	0	1	1
608	1	1	纯阳_太极无极	3	1	1	1	0	1	0
609	0.3	0.3	天策_灭保护cd	1	1	0.3	1	0	1	0
610	10	10	大明宫_重弩_射击CD	12	1	10		0	0	0
611	1.5	1.5	七秀_剑神无我	4	1	1.5	1	0	1	0
612	40	40	玄水蛊	9	1	40	1	0	1	1
613	5	5	大明宫_船战_技能CD	12	1	5		0	0	0
614	60	60	夺命蛊_友方	9	1	60	1	0	1	1
615	60	60	迷心蛊_友方	9	1	60	1	0	1	1
616	60	60	枯残蛊_友方	9	1	60	1	0	1	1
617	20	20	提针cd	2	1	20	1	0	1	0
618	4	4	华清宫回忆录_演奏CD	12	1	4		0	0	0
619	8	8	天下无狗	7	1	8	1	0	1	1
620	10	10	龙战于野	7	1	10	1	0	1	1
621	30	30	烟雨行表现CD	7	2	30	1	0	1	1
622	1	1	图穷匕见	10	1	1	1	0	1	0
623	15	15	万世不竭_内置cd	3	1	15	1	0	1	1
624	1.5	1.5	蛟龙翻江_保护按键CD	7	1	1.5	1	0	1	0
625	1	1	九转四象cd	3	1	1	1	0	1	0
626	10		门派活动_开炮CD	46	1	20		0	0	0
627	0.5	0.5	天隼击CD	7	1	0.5	1	0	1	0
628	15	15	锻打真CD1	59	1	15		0	0	0
629	15	15	锻打假CD1	59	1	15		0	0	0
630	2	2	射箭CD	59	1	2		0	0	0
631	3	3	暗杀CD	59	1	3		0	0	0
632	10	10	无声疾行CD	59	1	10		0	0	0
633	60	60	乘风而逝	59	1	60		0	0	0
634	0.5	0.5	老无名_延伸打击CD	12	1	0.5		0	0	0
635	30	30	毒煞道具	59	1	30		0	0	0
636	12	12	锻打假CD2	59	1	12		0	0	0
637	12	12	锻打真CD2	59	1	12		0	0	0
638	60	60	大战_令狐伤_召唤军士	46	1	60		0	0	0
639	3	3	畅通无阻cd	59	1	3		0	0	0
640	4	4	赠送美酒	59	1	259200				0
641	4	4	赠送兵器	59	1	259200				0
642	60	60	挂件1min	42	1	60		0	0	0
644	3	3	血战天策_阻援_投石CD	12	1	3		0	0	0
645	5	5	血战天策_躲闪CD	12	1	5		0	0	0
646	2	2	血战天策_狼牙据点_旋转大炮CD	12	1	2		0	0	0
647	40	40	血战天策_狼牙据点_开炮CD	12	1	40		0	0	0
648	0.5	0.5	血战天策_狼牙据点_调整射程CD	12	1	0.5		0	0	0
649	60	60	血战天策_黑齿元佑_还魂CD	12	1	60		0	0	0
650	20	20	血战天策_黑齿元佑_轻声CD	12	1	20		0	0	0
651	3	3	血战天策_狼牙据点_普通炮击	12	1	3		0	0	0
652	75	75	血战天策_雷狼_打断	12	1	75		0	0	0
653	3	3	血战天策_雷狼_箭	12	1	3		0	0	0
654	2	2	血战天策_雷狼_战马_枪	12	1	2		0	0	0
655	3	3	血战天策_阻援_射击CD	12	1	3		0	0	0
656	3	3	血战天策_前线_箭弩CD	12	1	3		0	0	0
657	10	10	测试连招1	0	1	10		0	0	0
658	13	13	测试连招2	0	1	13		0	0	0
659	16	16	测试连招3	0	1	16		0	0	0
660	20	20	连招测试4	0	1	20		0	0	0
664	2.5	2.5	血战天策_药师观_重弩射击	12	1	2.5		0	0	0
666	15	15	血战天策_苏曼莎_意识抑制	12	1	15		0	0	0
667	0.5	0.5	血战天策_战俘营_重弩疾射	12	1	0.5		0	0	0
668	7	7	血战天策_战俘营_重弩强弩	12	1	7		0	0	0
669	8	8	血战天策_战俘营_重弩散射	12	1	8		0	0	0
671	60	60	(671) 血战天策_黑齿元佑_回魂CD	12	1	60		0	0	0
672	2	2	血战天策_黑齿元佑_撕裂CD	12	1	2		0	0	0
673	30	30	势如破竹	61	1	30		0	0	0
674	60	60	加盾	61	1	60		0	0	0
675	3	3	aoe	61	1	3		0	0	0
676	30	30	长cd1	61	1	30		0	0	0
677	600	600	长cd2	61	1	600		0	0	0
678	180	180	长cd3	61	1	180		0	0	0
679	10	10	木武童挂件使用cd	0	1	10		0	0	0
680	2	2	地面丢鞭炮	59	1	259200				0
681	60	60	毛笔cd	0	1	60		0	0	0
682	60	60	秘制火雷	59	1	259200				0
683	0.3	0.3	箭弩车技能cd	0	1	0.3		0	0	0
684	2	2	秦皇陵_二号雷麒麟_穿刺横扫CD	12	1	2		0	0	0
685	60	60	秦皇陵_二号雷麒麟_怒吼CD	12	1	60		0	0	0
686	10	10	秦皇陵_二号雷麒麟_投掷CD	12	1	10		0	0	0
687	45	45	秦皇陵_二号雷麒麟_顶盾CD	12	1	45		0	0	0
688	1.5	1.5	御城・极	62	1	1.5		0	0	0
689	5	5	御城・锋	62	1	5		0	0	0
690	30	30	御城・盾	62	1	30		0	0	0
691	30	30	御城・励	62	1	30		0	0	0
692	1.5	1.5	合吾	62	1	1.5		0	0	0
693	5	5	春点	62	1	5		0	0	0
694	20	20	威武	62	1	20		0	0	0
695	30	30	仁义	62	1	30		0	0	0
696	30	30	哑运	62	1	30		0	0	0
697	10	10	风雪稻香村_卦劲CD	12	1	10		0	0	0
698	30	30	风雪稻香村_千瞬奇门	12	1	30		0	0	0
699	30	30	风雪稻香村_钩爪	12	1	30		0	0	0
700	30	30	风雪稻香村_盘龙卧山	12	1	30		0	0	0
701	30	30	风雪稻香村_霞月长针	12	1	30		0	0	0
702	30	30	风雪稻香村_寒冰真枪	12	1	30		0	0	0
703	60	60	血战天策_阻援_扔石头CD	12	1	60		0	0	0
704	3	3	秦皇陵_三号圣女_移魂换命CD	12	1	3		0	0	0
705	2	2	秦皇陵_安禄山_玩家战车踩踏CD	12	1	2		0	0	0
706	30	30	秦皇陵_安禄山_玩家战车冲锋CD	12	1	30		0	0	0
707	2	2	风雪稻香村_史朝义_炮台攻击	12	1	2		0	0	0
708	7200	7200	玄冰架小极CD2h	42	1	7200		0	0	0
709	1.5	1.5	墨家密殿剑攻击CD	12	1	1.5		0	0	0
710	30	30	捏脸切换	13	1	30		0	0	0
711	30	30	御城・矛	62	1	30		0	0	0
712	1200		墨家密殿限时任务	64	1	2400		0	0	0
713	5	5	神机车_切换状态	65	1	5		0	0	0
714	30	30	咸鱼挂件	14	1	30		0	0	0
715	30	30	神机雷	62	1	30		0	0	0
720	1	1	神机台1秒	65	1	1		0	0	0
721	0.25	0.25	神机台_0.25秒	65	1	0.25		0	0	0
722	15	15	照明弹	65	1	15		0	0	0
723	0.5	0.5	神机台0.5	65	1	0.5		0	0	0
724	30	30	风雪稻香村_玩家技能_觅影瓶	12	1	30		0	0	0
725	10	10	驯养相关之一	66	1	10		0	0	0
726	10	10	驯养相关之二	66	1	10		0	0	0
727	1800		儿童节	46	1	259200				0
728	1800	1800	1儿童节-糖葫芦制造机30分钟	46	1	1800		0	0	0
729	60	60	特殊武器通用1min	42	1	60		0	0	0
730	15	15	六合独尊单体通道CD	3	1	15	1	0	1	0
731	45	45	六合独尊单体buffCD	3	1	45	1	0	1	0
732	3	3	摧城车_投石	65	1	3		0	0	0
733	3	3	摧城车_冲撞	65	1	3		0	0	0
734	3	3	摧城车_切换状态	65	1	3		0	0	0
735	180	180	通用CD一	42	1	180		0	0	0
736	180	180	通用CD二	42	1	180		0	0	0
737	4	0.5	小强强普通左	59	1	7.5		0	0	0
738	4	0.5	小强强普通右	59	1	7.5		0	0	0
739	4	0.5	小强强左爆	59	1	7.5		0	0	0
740	4	0.5	小强强右爆	59	1	7.5		0	0	0
741	600	600	小强强加状态	59	1	600		0	0	0
742	1.5	1.5	小步高四象	59	1	1.5		0	0	0
743	20	20	风雪稻香村_剑罡祛邪	12	1	20		0	0	0
744	5	5	小步高降龙	59	1	5		0	0	0
745	600	600	小步高减伤	59	1	600		0	0	0
746	6	6	胖妹子倒地	59	1	6		0	0	0
747	1.5	1.5	胖妹子单嘲	59	1	1.5		0	0	0
748	600	600	胖妹子加状态	59	1	600		0	0	0
749	1.5	1.5	变身GCD	9	1	1.5	1	0	1	0
750	8	8	变身8sCD	9	1	8	1	0	1	0
751	30	30	驴车_亲吻	0	1	30		0	0	0
752	1.5	1.5	昆仑奴溢伤	59	1	1.5		0	0	0
753	1	1	昆仑奴爆发	59	1	1		0	0	0
754	600	600	昆仑奴加状态	59	1	600		0	0	0
755	10	10	拉帮结伙	59	1	10		0	0	0
756	10	10	书生定身	59	1	10		0	0	0
757	1.5	1.5	书生神机箭	59	1	1.5		0	0	0
758	600	600	书生加状态	59	1	600		0	0	0
759	10	10	踏燕南飞	59	1	10		0	0	0
760	180	180	功夫月饼CD	42	1	180		0	0	0
761	30	30	道具1	64	1	30		0	0	0
762	30	30	道具2	64	1	30		0	0	0
763	30	30	道具3	64	1	30		0	0	0
764	30	30	道具4	64	1	30		0	0	0
765	30	30	道具5	64	1	30		0	0	0
766	30	30	道具6	64	1	30		0	0	0
767	30	30	道具7	64	1	30		0	0	0
768	30	30	道具8	64	1	30		0	0	0
769	30	30	道具9	64	1	30		0	0	0
770	30	30	道具10	64	1	30		0	0	0
771	30	30	道具11	64	1	30		0	0	0
772	30	30	道具12	64	1	30		0	0	0
773	30	30	道具13	64	1	30		0	0	0
774	30	30	道具14	64	1	30		0	0	0
775	30	30	道具15	64	1	30		0	0	0
776	30	30	道具16	64	1	30		0	0	0
777	30	30	道具17	64	1	30		0	0	0
778	30	30	道具18	64	1	30		0	0	0
779	30	30	道具19	64	1	30		0	0	0
780	30	30	道具20	64	1	30		0	0	0
781	30	30	道具21	64	1	30		0	0	0
782	30	30	道具22	64	1	30		0	0	0
783	30	30	道具23	64	1	30		0	0	0
784	30	30	道具24	64	1	30		0	0	0
785	30	30	道具25	64	1	30		0	0	0
786	30	30	道具26	64	1	30		0	0	0
787	30	30	道具27	64	1	30		0	0	0
788	30	30	道具28	64	1	30		0	0	0
789	30	30	道具29	64	1	30		0	0	0
790	30	30	道具30	64	1	30		0	0	0
791	30	30	道具31	64	1	30		0	0	0
792	30	30	道具32	64	1	30		0	0	0
793	30	30	道具33	64	1	30		0	0	0
794	30	30	道具34	64	1	30		0	0	0
796	1.5	0	劫刀	68	1	1.5	1	0	1	0
797	1	0	盾刀三段内部CD	68	1	2	1	0	1	0
798	30	30	无惧CD	68	1	30	1	0	1	1
799	25	25	血怒	68	3	25	1	0	1	1
800	10	10	绝刀	68	1	10	1	0	1	1
801	10	10	斩刀	68	1	10	1	0	1	1
802	12	12	盾压	68	1	12	1	0	1	1
803	15	15	盾猛	68	1	15	1	0	1	1
804	1	0	1秒GCD	68	1	1	1	0	1	0
805	4	4	盾击	68	3	4	1	0	1	1
806	8	8	闪刀	68	1	8	1	0	1	1
807	60	60	盾壁	68	1	60	1	0	1	1
808	0.5	0	盾击内置CD	68	1	1	1	0	1	0
809	35	35	盾墙	68	1	35	1	0	1	1
810	30	30	盾立	68	3	30	1	0	1	1
811	2	2	雁门关之役_战鼓躲避GCD	12	1	2		0	0	0
812	20	20	盾冲	68	1	20	1	0	1	1
813	8	8	盾舞	68	1	8	1	0	1	1
814	90	90	盾护	68	1	90	1	0	1	1
815	0.5	0.5	血怒GCD	68	1	0.5	1	0	1	0
816	0.5	0	血怒特殊CD	68	1	0.5	1	0	1	0
817	0.1	0.1	血怒子技能间CD	68	1	0.1	1	0	1	0
818	18	18	盾飞18秒	68	3	18	1	0	1	1
819	18	18	盾回	68	1	18	1	0	1	0
820	1.5	0	盾飞与GCD一样的CD	68	1	1.5	1	0	1	0
821	1	0	盾击与GCD一样的CD	68	1	1	1	0	1	0
822	1	1	盾飞盾回1秒GCD	68	1	1	1	0	1	0
823	18	18	盾飞5次冲能	68	5	18	1	0	1	1
824	10	10	盾击奇穴修饰后	68	3	10	1	0	1	0
825	20	20	盾击20秒	68	3	20	1	0	1	1
826	20	20	20秒	68	3	20	1	0	1	0
827	22	22	血怒套装-3秒	68	3	22	1	0	1	1
828	35	35	盾毅45	68	1	35	1	0	1	1
829	35	35	盾毅40	68	1	35	1	0	1	1
830	0.5	0.5	太原防守	65	1	0.5		0	0	0
831	2592005	2592005	台湾版大补帖_30天	13	1	2592005		0	0	0
832	90	90	太原之战_火龙摧城_持盾	12	1	90		0	0	0
833	1.5	1.5	盾挡	68	1	1.5	1	0	1	0
834	8	8	隐刀充能	68	5	8	1	0	1	1
835	8	8	八荒额外伤害内置CD	3	1	8	1	0	1	0
836	0.5	0	隐刀0.5	68	1	0.5	1	0	1	0
837	10	10	铁马冰河	59	1	10		0	0	0
838	10	10	新建	59	1	10		0	0	0
839	0.5	0.5	绝刀0.5内置	68	1	0.5	1	0	1	0
840	8	8	盾墙收盾	68	1	8	1	0	1	0
841	1	1	场景1sCD	12	1	1		0	0	0
842	3	3	好友推荐刷新_3秒	13	1	3		0	0	0
843	30	30	飞龙30秒CD	7	1	30	1	0	1	0
844	8	8	帐篷交互CD8秒	13	1	8		0	0	0
845	1800	1800	新的糖葫芦制造机30分	46		1800		0	0	0
846	120	120	毛笔写词1号	13	1	120		0	0	0
847	120	120	毛笔写词2号	13	1	120		0	0	0
848	120	120	毛笔写词3号	13	1	120		0	0	0
849	120	120	毛笔写词4号	13	1	120		0	0	0
850	10	10	毛笔书写公共CD10秒	13	1	10		0	0	0
851	20	20	毛笔四个字CD	0	1	20		0	0	0
852	60	60	长安内城马鞭	59	1	60		0	0	0
853	3	3	藏剑_梅引香3秒CD	6	1	3	1	0	1	0
854	0.5	0.5	拿云各技能分段内置CD	5	1	0.5	1	0	1	0
862	180	180	兰陵王面具CD	42	1	180		0	0	0
863	3	3	举报外挂_3秒	13	1	3		0	0	0
864	1200	1200	1儿童节-制造机2档20分钟	46		1200		0	0	0
865	800	800	1儿童节-制造机3档800秒	46		800		0	0	0
866	533	533	1儿童节-制造机4档533秒	46		533		0	0	0
867	355	355	1儿童节-制造机5档355秒	46		355		0	0	0
868	5	5	丑丑的糖葫芦cd5s	42	1	5		0	0	0
869	600	600	挂件溯回技能	42	1	600		0	0	0
870	150	150	水枪装水CD_150秒	13	1	150		0	0	0
871	180	180	水枪挂件使用CD3分钟	13	1	180		0	0	0
873	50	50	斗室无尘	69	1	50	1	0	1	0
874	90	90	万籁之寂	69	1	90	1	0	1	0
875	240	240	夜引风岚	69	1	240	1	0	1	0
877	240	240	银烛清韵	69	1	240	1	0	1	0
879	50	50	斗室无尘充能	69	2	50	1	0	1	0
881	90	90	万籁之寂充能	69	2	90	1	0	1	0
883	240	240	银烛清韵充能	69	2	240	1	0	1	0
885	240	240	夜引风岚充能	69	2	240	1	0	1	0
887	15	15	清音长啸	69	1	15	1	0	1	1
889	15	15	冲秋冥击退	69	1	15	1	0	1	0
891	8	8	风入松减速	69	1	8	1	0	1	0
893	1	1	角子技能CD	69	1	1	1	0	1	0
895	6	6	羽充能CD	69	3	6	1	0	1	1
897	80	80	笑傲光阴	69	1	80	1	0	1	1
899	80	80	江逐月天	69	1	80	1	0	1	1
901	80	80	云生结海	69	1	80	1	0	1	1
903	80	80	梦逐光	69	1	80	1	0	1	1
905	35	35	气套路GCD	69	1	35	1	0	1	0
907	50	50	气套路2层充能	69	2	50	1	0	1	1
908	150	150	孤影化双	69	1	150	1	0	1	1
909	180	180	杯水留影	69	1	180	1	0	1	1
910	3	3	一指回鸾	69	1	3	1	0	1	0
911	40	40	青霄飞羽	69	1	40	1	0	1	1
912	20	20	羽20秒CD	69	3	20	1	0	1	1
913	50	50	高山流水主动技能CD	69	1	50	1	0	1	1
914	45	45	变身CD	46	1	45		0	0	0
915	10	10	徵_11秒调息	69	1	10	1	0	1	0
916	3	3	阳春白雪_主动4秒CD	69	1	3	1	0	1	0
917	3	3	剑・宫6秒调息	69	1	3	1	0	1	1
918	8	8	剑・羽10秒充能	69	3	8	1	0	1	1
919	15	15	羽变为35秒非充能	69	3	15	1	0	1	1
920	10	10	徵初始检查CD10秒	69	1	10	1	0	1	0
921	20	20	徵初始检查CD20秒	69	1	20	1	0	1	0
922	30	30	徵初始检查CD30秒	69	1	30	1	0	1	0
923	22	22	徵怡神奇穴初始检查CD22秒	69	1	22	1	0	1	0
924	32	32	徵怡神奇穴初始检查CD32秒	69	1	32	1	0	1	0
925	42	42	徵怡神奇穴初始检查CD42秒	69	1	42	1	0	1	0
926	5	5	喂草CD	70	1	5		0	0	0
927	5	5	喂水CD	70	1	5		0	0	0
928	1.5	1.5	治疗CD	70	1	1.5		0	0	0
929	1	1	摔跤比试_回风落叶	70	1	1		0	0	0
930	5	5	摔跤比试_横扫千军	70	1	5		0	0	0
931	180	180	纱伞展开CD三分钟	13	1	180		0	0	0
932	30	30	1号披风使用CD	13	1	30		0	0	0
933	30	30	2号披风使用CD	13	1	30		0	0	0
934	30	30	3号披风使用CD	13	1	30		0	0	0
935	30	30	4号披风使用CD	13	1	30		0	0	0
936	30	30	5号披风使用CD	13	1	30		0	0	0
937	30	30	6号披风使用CD	13	1	30		0	0	0
938	5	5	表现交互公共CD5秒	13	1	5		0	0	0
939	30	30	1号外装CD30秒	13	1	30		0	0	0
940	30	30	2号外装CD30秒	13	1	30		0	0	0
941	30	30	3号外装CD30秒	13	1	30		0	0	0
942	30	30	4号外装CD30秒	13	1	30		0	0	0
943	5	5	摔跤比试_格挡	70	1	5		0	0	0
944	7200	7200	玄冰架极极	42	1	7200		0	0	0
945	60	60	清绝影歌CD	69	1	60	1	0	1	1
946	1.5	1.5	花月别院_韩非池QTE	12	1	1.5		0	0	0
947	8	8	8秒CD	64	1	8		0	0	0
948	30	30	峰值-长歌弟子-江逐月天	46	1	30		0	0	0
949	10	10	峰值-长歌弟子-梅花三弄	46	1	10		0	0	0
950	150	150	花间_听风吹雪	2	1	150	1	0	1	1
951	1800	1800	长歌门预热_挂件使用CD	0	1	1800		0	0	0
952	20	20	疏影横斜20秒充能	69	3	20	1	0	1	1
953	20	20	突_2层充能	1	2	20	1	0	1	1
954	2	2	破坚阵眩晕2帧CD	1	1	2	1	0	1	0
955	60	60	紫气东来3层充能	3	3	60	1	0	1	1
956	30	30	化蝶40秒充能	9	2	30	1	0	1	1
957	18	18	撼地35秒充能	68	2	18	1	0	1	1
958	30	30	盾舞30秒嘲讽效果	68	1	30	1	0	1	1
959	12	12	啸日12秒充能	6	2	12	1	0	1	1
960	15	15	松舍问霞	6	1	15	1	0	1	1
961	35	35	御鸿于天60秒	7	1	35	1	0	1	1
962	40	40	余寒映日2秒	4	1	40	1	0	1	0
963	3	3	形散如烟2秒	4	1	3	1	0	1	0
964	1	1	晓日1秒独立CD	6	1	1	1	0	1	0
965	7	7	守缺6秒充能	5	3	7	1	0	1	1
966	1	1	载具道具通用	65	1	1		0	0	0
967	70	70	折叶笼花3分钟	2	1	70	1	0	1	1
968	110	110	南风吐月3分钟	2	1	110	1	0	1	1
969	5	5	飞花CD_95七秀门派事件	70	1	5		0	0	0
970	80	80	琴音共鸣1分半	69	1	80	1	0	1	1
971	30	30	转落七星	10	3	30	1	0	1	1
972	10	10	神机台_10秒	65	1	10		0	0	0
973	30	30	寒啸千军	68	1	30	1	0	1	1
974	1	0	唐门1秒GCD	10	1	1	1	0	1	0
975	70	70	蚀心蛊70s	9	1	70	1	0	1	1
976	70	70	摧星破月	10	1	70	1	0	1	0
977	30	30	治疗大招CD	9	1	30	1	0	1	1
978	90	90	平沙落雁90	69	1	90	1	0	1	1
979	0.5	0.5	鱼头轻功间隔	69	1	0.5	1	0	1	0
980	180	180	号令三军	1	1	180	1	0	1	1
981	30	30	破重围	1	1	30	1	0	1	1
982	18	18	二业依缘	5	1	18	1	0	1	1
983	48	48	道极承天	3	1	48	1	0	1	1
984	16	16	剑出鸿蒙	3	1	16	1	0	1	1
985	40	40	舍身弘法40s	5	1	40	1	0	1	1
986	180	180	杨胜沙场5分钟	68	1	180	1	0	1	1
987	1.5	0	疏影横斜1.5秒单独GCD	69	1	1.5	1	0	1	0
988	1.5	0	孤影化双1.5秒单独GCD	69	1	1.5	1	0	1	0
989	30	30	5号外装CD30秒	13	1	30		0	0	0
990	30	30	6号外装CD30秒	13	1	30		0	0	0
991	30	30	7号外装CD30秒	13	1	30		0	0	0
992	30	30	8号外装CD30秒	13	1	30		0	0	0
993	30	30	限量抢购道具1	42	1	30		0	0	0
994	30	30	限量抢购道具2	42	1	30		0	0	0
995	30	30	限量抢购道具3	42	1	30		0	0	0
996	30	30	限量抢购道具4	42	1	30		0	0	0
997	30	30	限量抢购道具5	42	1	30		0	0	0
998	30	30	限量抢购道具6	42	1	30		0	0	0
999	30	30	限量抢购道具7	42	1	30		0	0	0
1000	30	30	限量抢购道具8	42	1	30		0	0	0
1001	30	30	限量抢购道具9	42	1	30		0	0	0
1002	30	30	限量抢购道具10	42	1	30		0	0	0
1003	30	30	限量抢购道具11	42	1	30		0	0	0
1004	30	30	限量抢购道具12	42	1	30		0	0	0
1005	30	30	限量抢购道具13	42	1	30		0	0	0
1006	30	30	限量抢购道具14	42	1	30		0	0	0
1007	30	30	限量抢购道具15	42	1	30		0	0	0
1008	30	30	限量抢购道具16	42	1	30		0	0	0
1009	120	120	白鹿游仙2分钟	13	1	120		0	0	0
1010	20	20	烟花道具20秒	13	1	20		0	0	0
1011	7200	7200	背挂虎仔	13	1	7200		0	0	0
1012	120	120	鹤梅伞CD	13	1	120		0	0	0
1013	4	4	盾反	68	1	4	1	0	1	0
1014	30	30	鹤梅伞30秒CD	0	1	30		0	0	0
1015	3	3	鹤梅伞交互CD3秒	13	1	3		0	0	0
1016	1	1	明教_贪魔体关联CD	8	1	1		0	1	0
1017	30	30	扰乱CD_95少林门派事件	70	1	30		0	0	0
1018	15	15	唐门_机甲加速CD	70	1	15		0	0	0
1019	5	5	唐门_机甲减伤CD	70	1	5		0	0	0
1020	8	8	唐门_机甲打断CD	70	1	8		0	0	0
1021	10	10	唐门_连弩群体CD	70	1	10		0	0	0
1022	10	10	唐门_机甲群体攻击CD	70	1	10		0	0	0
1023	5	5	唐门_机甲击飞CD	70	1	5		0	0	0
1024	1	1	丐帮PQ_火雷	0	1	1		0	0	0
1025	360	360	熊猫背挂6分钟CD	0	1	360		0	0	0
1026	20	20	明教_灭火cd	70	1	20		0	0	0
1027	20	20	熊猫背挂吃竹子20秒CD	0	1	20		0	0	0
1028	180	180	如意金箍3分钟CD	42	1	180		0	0	0
1029	30	30	狼头披风30秒CD	13	1	30		0	0	0
1030	30	30	羽毛披风30秒CD	13	1	30		0	0	0
1031	30	30	画卷披风30秒CD	13	1	30		0	0	0
1032	30	30	荷叶披风30秒CD	13	1	30		0	0	0
1033	30	30	燕子披风30秒CD	13	1	30		0	0	0
1034	30	30	粉色披风30秒CD	13	1	30		0	0	0
1035	7200	7200	背挂小熊猫召唤	13	1	7200		0	0	0
1036	33	33	鸟翔碧空	10	1	33	1	0	1	1
1037	50	50	繁音急节充能CD	4	2	50	1	0	1	1
1038	12	12	银针通用随便用	64	1	12		0	0	0
1039	30	30	小熊猫挂件30秒CD	0	1	30		0	0	0
1040	10	10	小熊猫逗弄10秒CD	0	1	10		0	0	0
1041	30	30	9号外装30秒CD	13	1	30		0	0	0
1042	30	30	10号外装30秒CD	13	1	30		0	0	0
1043	60	60	运营扇子1分钟CD	0	1	60		0	0	0
1044	600	600	双人秋千召唤CD	13	1	600		0	0	0
1045	30	30	双人秋千交互30秒CD	13	1	30		0	0	0
1046	60	60	花灯CD-1分钟	46	1	60		0	0	0
1047	30	30	牡丹披风30秒CD	13	1	30		0	0	0
1048	30	30	血凤披风30秒CD	13	1	30		0	0	0
1049	30	30	刀片披风30秒CD	13	1	30		0	0	0
1050	30	30	双翼披风30秒CD	13	1	30		0	0	0
1051	30	30	蓝扇披风30秒CD	13	1	30		0	0	0
1052	30	30	紫樱披风30秒CD	13	1	30		0	0	0
1053	10	10	1儿童节_七彩风车挥舞cd	46	1	10		0	0	0
1054	60	60	端午节-苍竹龙曜CD	46	1	60		0	0	0
1055	60	60	方士_出魂	72	1	60		0	0	0
1056	15	15	方士_招魂	13	1	15		0	0	0
1057	60	60	方士_还魂	72	1	60		0	0	0
1058	20	20	捉影式充能	5	2	20	1	0	1	1
1059	5	5	方士_挖宝	13	1	5		0	0	0
1060	0.5	0.5	沉秋风子技能公共CD	71	1	0.5	1	0	1	0
1061	6	6	崩雪潮调息时间	71	1	6	1	0	1	0
1062	6	6	绝沧海调息时间	71	1	6	1	0	1	0
1063	60	60	驭兽_飞奔CD	13	1	60		0	0	0
1064	10	10	驭兽_特殊攻击CD	13	1	10		0	0	0
1065	120	120	绿林_初级陷阱	72	1	120		0	0	0
1066	180	180	绿林_击飞陷阱	72	1	180		0	0	0
1067	300	300	绿林_隐身陷阱	72	1	300		0	0	0
1068	20	20	镖师_投石问路	72	1	20		0	0	0
1069	2	2	驭兽_普攻CD	13	1	2		0	0	0
1070	30	30	11号外装30秒CD	13	1	30		0	0	0
1071	30	30	12号外装30秒CD	13	1	30		0	0	0
1072	300	300	艺人_座椅	72	1	300		0	0	0
1073	60	60	驭兽技能CD	13	1	60		0	0	0
1074	10	10	冰凝姿态调息时间	71	1	10	1	4	1	0
1075	10	10	雪意姿态调息时间	71	1	10	1	4	1	0
1076	10	10	风体姿态调息时间	71	1	10	1	4	1	0
1078	180	180	绿林_冻住不洗澡	72	1	180		0	0	0
1079	60	60	艺人_开始表演	72	1	60		0	0	0
1080	3	3	大刀状态崩雪潮	71	1	3	1	3	1	0
1081	3	3	大刀状态绝沧海	71	1	3	1	3	1	0
1082	3	3	大刀状态崩雪潮共调息	71	1	3	1	0	1	0
1083	3	3	大刀状态绝沧海共调息	71	1	3	1	0	1	0
1084	60	60	七夕-姻缘草	46	1	60	1	0	0	0
1085	60	60	缘缘召唤cd	46	1	60	1	0	0	0
1086	72000	72000	七夕外装加buff20小时CD	13	1	72000	0	0	0	0
1087	30	30	限量抢购道具17	42	1	30	0	0	0	0
1088	35	35	雷走风行调息时间	71	1	35	1	0	1	0
1089	25	25	延迟伤害调息时间	71	1	25	1	0	1	0
1090	20	20	828蓝白披风20秒CD	13	1	20	0	0	0	0
1091	20	20	828黑甲披风20秒CD	13	1	20	0	0	0	0
1098	20	20	踏宴扬旗调息时间	71	1	20	1	0	1	1
1099	12	12	沉秋风长CD	71	1	12	1	0	1	0
1100	2	2	长歌门特殊武器_萧琴剑CD	12	1	2	0	0	0	0
1101	15	15	苍云特殊武器任务CD_无畏城壁	12	1	15	0	0	0	0
1102	15	15	苍云特殊武器任务CD_寻首击山	12	1	15	0	0	0	0
1103	1	1	协助角色专注辅助CD	12	1	1	0	0	0	0
1104	1	1	协助角色自动运行CD	12	1	1	0	0	0	0
1105	1	1	协助角色集火攻击CD	12	1	1	0	0	0	0
1106	180	180	协助角色切换CD	12	1	180	0	0	0	0
1107	1	1	协助角色指定点移动CD	12	1	1	0	0	0	0
1108	1	1	协助角色终结技CD	12	1	1	0	0	0	0
1109	8	8	绝云逐电调息时间	71	1	8	1	0	1	0
1110	16	16	雷走风切调息时间	71	1	16	1	0	1	1
1111	18	18	割据秦宫调息时间	71	1	18	1	3	1	1
1112	9	9	破釜沉舟调息时间	71	1	9	1	0	1	1
1113	40	40	封渊震煞调息时间	71	1	40	1	3	1	1
1114	40	40	散流霞调息时间	71	1	40	1	3	1	1
1115	30	30	坚壁清野调息时间	71	1	30	1	0	1	1
1116	8	8	大刀绝云逐电调息时间	71	1	8	1	3	1	0
1117	16	16	大刀雷走风切调息时间	71	1	16	1	3	1	1
1118	20	20	大刀踏宴扬旗调息时间	71	1	20	1	3	1	1
1119	1	1	霸刀透支技能保护CD	71	1	1	1	0	1	0
1120	120	120	中秋背挂2分钟CD	13	1	120	0	0	0	0
1121	72000	72000	中秋外装加buff20小时CD	13	1	72000	1	0	0	0
1122	10	10	踏宴扬旗调息减半	71	1	10	1	0	1	1
1123	10	10	大刀踏宴扬旗调息减半	71	1	10	1	3	1	0
1124	4	4	醉斩白蛇触发六秒调息时间	71	1	4	1	0	1	0
1125	30	30	临渊蹈河调息时间	71	1	30	1	0	1	1
1126	18	18	上将军印调息时间	71	1	18	1	0	1	1
1127	0.1	0.1	上将军印内置调息	71	1	0.1	1	0	1	0
1128	12	12	流光充能	8	2	12	1	0	1	1
1129	1	1	流光囚影变充能后自身1秒CD	8	1	1	1	0	1	0
1130	10	10	擒王六式调息	71	1	10	1	0	1	1
1131	25	25	擒龙充能	5	3	25	1	0	1	1
1132	1.5	1.5	擒龙充能1秒自CD	5	1	1.5	1	0	1	0
1133	1	1	擒王六式触发CD	71	1	1	1	0	1	0
1135	6	6	醉斩白蛇首跳检查CD	71	1	6	1	0	1	0
1136	45	45	楚河汉界40秒调息	71	1	45	1	0	1	1
1137	50	50	西楚悲歌50秒调息	71	1	50	1	0	1	1
1138	3	3	双刀3秒调息	71	1	3	1	0	1	0
1139	0.5	0.5	双刀1秒主动	71	1	0.5	1	0	1	0
1140	3	3	大刀3秒调息	71	1	3	1	0	1	0
1141	0.5	0.5	大刀1秒主动	71	1	0.5	1	0	1	0
1142	3	3	鞘刀3秒调息	71	1	3	1	0	1	0
1143	0.5	0.5	鞘刀1秒主动	71	1	0.5	1	0	1	0
1144	1.5	1.5	封渊震煞1.5秒内置	71	1	1.5	1	0	1	0
1145	30	30	黄龙乘云30秒CD	13	1	30		0	0	0
1146	30	30	鎏金火凰30秒CD	13	1	30		0	0	0
1147	30	30	栩栩蝶翼30秒CD	13	1	30		0	0	0
1148	30	30	从云凋雪30秒CD	13	1	30		0	0	0
1149	30	30	从云真意30秒CD	13	1	30		0	0	0
1150	30	30	重缦轻罗30秒CD	13	1	30		0	0	0
1151	1	1	梦逐光内置1秒调息	69	1	1	1	0	1	0
1152	5	5	军阵-举盾	46	1	5	1	0	0	0
1153	30	30	军阵-箭雨	46	1	30	1	0	0	0
1154	30	30	军阵-刺击	46	1	30	1	0	0	0
1155	300	300	军阵-列阵	46	1	300	1	0	0	0
1156	5	5	军阵-卸盾	46	1	5	1	0	0	0
1157	9	9	破釜沉舟变透支	71	1	9	1	2	1	1
1158	1.5	1.5	大刀雷走风切1秒保护CD	71	1	1.5	1	0	1	1
1159	10	10	罗汉解控	5	1	10	1	0	1	0
1160	1	1	捉影充能内置1s	5	1	1	1	0	1	0
1161	30	30	13号外装30秒CD	13	1	30		0	0	0
1162	30	30	14号外装30秒CD	13	1	30		0	0	0
1163	3	3	霸刀狩猎投石CD	70	1	3	1	0	0	0
1164	30	30	霸刀狩猎陷阱CD	70	1	30	1	0	0	0
1165	10	10	霸刀狩猎云箭CD	70	1	10	1	0	0	0
1166	120	120	背挂花门2分钟CD	13	1	120	0	0	0	0
1167	3	3	峰值技能1	46	1	3	1	0	0	0
1168	5	5	峰值技能2	46	1	5	1	0	0	0
1169	15	15	峰值技能3	46	1	15	1	0	0	0
1170	30	30	峰值通用加速	46	1	30	1	0	0	0
1171	20	20	峰值通用加血	46	1	20	1	0	0	0
1172	5	5	峰值活动_安禄山_夜幕星河 10s	46	1	5	1	0	0	0
1173	1.5	1.5	冬至战傲油	46	1	1.5	0	0	0	0
1174	1	1	近聊1秒CD时间	13	1	1	1	0	0	1
1175	20	20	春节龙凤包身披风20秒CD	13	1	20	0	0	0	0
1176	72000	72000	元宵外装加buff20小时CD	13	1	72000	0	0	0	0
1177	600	600	秋千背挂使用CD	13	1	600		0	0	0
1178	30	30	15号外装30秒CD	13	1	30		0	0	0
1179	30	30	16号外装30秒CD	13	1	30		0	0	0
1180	30	30	秋千2交互CD	13	1	30		0	0	0
1181	30	30	表现77号30秒CD	13	1	30	0	0	0	0
1182	30	30	表现78号30秒CD	13	1	30	0	0	0	0
1183	30	30	表现79号30秒CD	13	1	30	0	0	0	0
1184	30	30	表现80号30秒CD	13	1	30	0	0	0	0
1185	30	30	表现81号30秒CD	13	1	30	0	0	0	0
1186	30	30	表现82号30秒CD	13	1	30	0	0	0	0
1187	30	30	滑竿加速30秒CD	13	1	30	0	0	0	0
1188	7200	7200	背挂寻珍味	13	1	7200	0	0	0	0
1189	30	30	梯云纵_独立CD	3	1	30	1	0	1	1
1190	45	45	楚河汉界充能	71	2	45	1	0	1	1
1191	1	1	楚河汉界充能保护	71	1	1	1	0	1	1
1192	30	30	烟雨行充能	7	2	30	1	0	1	1
1194	30	30	烟雨行子技能充能	7	2	30	1	0	1	1
1195	60	60	清明鸳鸯埙	46	1	60	0	0	0	0
1196	3	3	力拔山河	64	1	3	1	0	0	1
1197	0.5	0.5	飞星遁影_回保护CD	10	1	0.5	1	0	1	1
1198	15	15	玄门人剑	3	1	15	1	0	1	1
1199	1	1	竞技场获取战队配置	13	1	5	0	0	0	0
1200	120	120	瑞鹤仙灯2分钟	13	1	120	1	0	0	0
1201	6	6	防止松舍问霞重复读条	6	1	6	1	0	0	0
1202	0.5	0.5	普渡四方段数技能切换CD	5	1	0.5	1	0	1	1
1203	0.5	0.5	守缺式段数技能切换CD	5	1	0.5	1	0	1	1
1204	1	1	交易行模糊搜索查询物品CD	13	1	1	1	0	0	1
1205	0.5	0.5	三环套月两段切换表现	3	1	0.5	1	0	1	1
1206	20	20	518鹤影天青20秒CD	13	1	20	0	0	0	1
1207	600	600	桃花帐篷召唤CD	13	1	600	0	0	0	1
1208	30	30	包身之团扇30秒	0	1	30	0	0	0	1
1209	30	30	包身之折扇30秒	0	1	30	0	0	0	1
1210	30	30	包身之伞舞30秒	0	1	30	0	0	0	1
1211	5	5	端午_龙舟主炮	46	1	5	0	0	0	1
1212	10	10	端午_龙舟冲刺	46	1	10	0	0	0	1
1213	5	5	端午_龙舟撒网	46	1	5	0	0	0	1
1214	1.5	1.5	般若诀CD	5	1	1.5	1	0	1	1
1215	8	8	狼车的交互CD8秒	0	1	8	0	0	0	0
1216	1	1	定格功能CD1秒	0	1	1	0	0	0	0
1217	5	5	设定集鼓背挂CD30秒	0	1	30	0	0	0	0
1218	30	30	山秀屏深背挂CD30秒	0	1	30	0	0	0	0
1219	30	30	花马绘背挂CD30秒	0	1	30	0	0	0	0
1220	60	60	阵营士气条	72	1	60	0	0	0	1
1221	1	1	项王击鼎三段释放中监控Buff	71	1	1	1	0	1	1
1222	20	20	720阵营披风20秒CD	13	1	20	0	0	0	0
1223	120	120	720背挂青莲语瀑2分钟CD	13	1	120	0	0	0	0
1224	10800	10800	包青犬奇遇触发	72	1	10800	0	0	0	0
1225	65	65	无相反弹CD	5	1	65	1	0	1	1
1226	0.5	0.5	穿云一二段表现替换	1	1	0.5	1	0	1	1
1227	40	40	七秀-左旋右转	4	1	40	1	0	1	1
1228	35	35	余寒映日_云裳	4	1	35	1	0	1	1
1229	20	20	天穹掠影20秒CD	13	1	20	0	0	0	1
1230	20	20	北望天狼20秒CD	13	1	20	0	0	0	1
1231	10	10	逐星箭充能	10	2	10	1	0	1	1
1232	1	1	逐星箭充能保护	10	1	1	1	0	1	0
1233	8	8	千机变普通CD	10	1	8	1	0	1	1
1234	17	17	太阴指充能	2	2	17	1	0	1	1
1235	30	30	素心忘弦CD30秒	0	1	30	0	0	0	1
1236	30	30	山海间CD30秒	0	1	30	0	0	0	1
1237	30	30	七夕外装伞效果CD30秒	0	1	30	0	0	0	0
1238	40	40	明教_拉人大招CD	8	1	40	1	0	1	1
1239	90	90	莺鸣柳充能	6	3	90	1	0	1	1
1240	3	3	曲风切换公用CD	69	1	3	1	0	1	1
1241	16	16	蟾躁减CD	9	1	16	1	0	1	1
1242	30	30	面挂面具1号30秒	0	1	30	0	0	0	0
1243	30	30	面挂面具2号30秒	0	1	30	0	0	0	0
1244	30	30	面挂面具3号30秒	0	1	30	0	0	0	0
1245	50	50	挂件鱼头1号50秒	0	1	50	0	0	0	0
1246	30	30	挂件鱼头2号30秒	0	1	30	0	0	0	0
1247	30	30	挂件鱼头3号30秒	0	1	30	0	0	0	0
1248	30	30	挂件鱼头4号30秒	0	1	30	0	0	0	0
1249	30	30	挂件鱼头5号30秒	0	1	30	0	0	0	0
1250	30	30	挂件鱼头6号30秒	0	1	30	0	0	0	0
1251	30	30	挂件鱼头7号30秒	0	1	30	0	0	0	0
1252	30	30	挂件鱼头8号30秒	0	1	30	0	0	0	0
1253	30	30	挂件鱼头9号30秒	0	1	30	0	0	0	0
1254	30	30	挂件鱼头10号30秒	0	1	30	0	0	0	0
1255	0.5	0.5	莺鸣柳连续释放保护CD	6	1	0.5	1	0	1	1
1256	30	30	擂台CD	72	1	30	1	0	0	1
1257	600	600	擂台暂离	72	1	600	1	0	0	1
1258	3	3	剑・徵调息时间	69	1	3	1	0	1	1
1259	5	5	剑・角调息时间	69	1	5	1	0	1	1
1260	16	16	玉蟾_嘲讽-复制	9	1	16	1	0	1	1
1261	16	16	天蛛_拉人-复制	9	1	16	1	0	1	1
1262	0.5	0.5	高山流水独立调息	69	1	0.5	1	0	1	1
1263	0.5	0.5	回血飘摇保护CD	4	1	0.5	1	0	1	0
1264	20	20	圣蝎_减速-复制	9	1	20	1	0	1	1
1265	10	10	灵蛇_伤害-复制	9	1	10	1	0	1	1
1266	12	12	风蜈_加速-复制	9	1	12	1	0	1	1
1267	11	11	毒杀持续时间CD	10	1	11	1	0	1	1
1268	1	0	蝶弄足保护CD	4	1	1	1	0	1	0
1269	1	0	鹊踏枝保护CD	4	1	1	1	0	1	0
1270	90	90	雷霆充能	4	2	90	1	0	1	1
1271	11	11	王母充能	4	2	11	1	0	1	1
1272	35	35	新子母飞爪	10	1	35	1	0	1	1
1273	300	300	请求援助	13	1	300	1	0	0	1
1274	0.5	0.5	子母飞爪保护CD	10	1	0.5	1	0	1	0
1275	1	1	长歌琴平A调息	11	1	1	1	0	0	1
1276	20	20	披风切换_中秋澜云意CD20秒	13	1	20	0	0	0	0
1277	5	5	(1277) 中秋澜云意_提灯CD5秒	13	1	5	0	0	0	0
1278	30	30	佩囊切换CD30秒A	0	1	30	0	0	0	1
1279	30	30	佩囊切换CD30秒B	0	1	30	0	0	0	1
1280	20	20	五毒_万蛊真解_新蛊毒3层充能	9	3	20	1	0	1	1
1281	0.5	0.5	蛊毒3层充能保护CD	9	1	0.5	1	0	1	0
1282	50	50	水榭花盈1分钟	4	1	50	1	0	1	1
1283	40	40	水榭花盈40秒	4	1	40	1	0	1	1
1284	25	25	明教_日盈	8	1	25	1	0	1	1
1285	50	50	新狮子吼调息时间	5	1	50	1	0	1	1
1286	52	52	明教_暗步	8	1	52	1	0	1	1
1287	20	20	六合独尊增加CD	3	1	20	1	0	1	1
1288	25	25	百里追魂	10	1	25	1	0	1	1
1289	2.5	2.5	千秋万劫_伤害	10	1	2.5	1	0	1	1
1290	15	15	剑・弄影cd	69	1	15	1	0	1	1
1291	600	600	号角使用CD10分钟	13	1	600	1	0	0	1
1292	180	180	号角召唤CD3分钟	13	1	180	1	0	0	1
1293	10	10	10秒操作间隔壹	64	1	10	0	0	0	1
1294	10	10	10秒操作间隔贰	64	1	10	0	0	0	1
1295	10	10	10秒操作间隔叁	64	1	10	0	0	0	1
1296	35	35	剑・啸影35s	69	1	35	1	0	1	1
1297	1	1	潜龙勿用CD	7	1	1	1	0	1	0
1312	0.5	0.5	上将军印二段误操作CD	71	1	0.5	1	0	1	0
1314	0.5	0.5	紫气充能保护CD	3	1	0.5	1	0	1	1
1315	120	120	2018腊八背挂_2分钟CD	0	1	120	0	0	0	1
1316	120	120	吃鸡举报CD	13	1	120	0	0	0	0
1317	5	5	春节狗放汤圆CD	0	1	5		0	0	1
1319	150	150	清明镜子2min30sCD	13	1	150	0	0	0	0
1320	237	237	1儿童节-制造机6档237秒	46	1	237	1	0	0	0
1321	158	158	1儿童节-制造机7档158秒	46	1	158	1	0	0	0
1322	105	105	1儿童节-制造机8档105秒	46	1	105	1	0	0	0
1323	70	70	1儿童节-制造机9档70秒	46	1	70	1	0	0	0
1324	10	10	利针CD	2	1	10	1	0	1	1
1325	0.5	0.5	平沙落雁保护调息	69	1	0.5	1	0	1	1
1326	0.5	0.5	梅花三弄保护调息	69	1	0.5	1	0	1	1
1327	5	5	邮件发送CD5s	13	1	5		0	0	1
1328	120	120	吃鸡_定安散_2分钟	46	1	120	1	0	0	1
1329	15	15	儿童节_滑翔翼糖果盒_15秒	46	1	15	1	0	0	0
1330	1	1	儿童节_滑翔翼弩器_1秒	46	1	1	1	0	0	0
1331	30	30	儿童节_滑翔翼火箭加速_30秒	46	1	30	1	0	0	0
1332	2	2	商城个性化推荐2秒CD	13	1	2	1	0	0	0
1333	12	12	可乐_沸血针	0	1	12	1	0	0	0
1334	12	12	可乐_冰髓毒瓶	0	1	12	1	0	0	0
1335	12	12	可乐_飞刃	0	1	12	1	0	0	0
1336	12	12	可乐_暗器暴风雨	0	1	12	1	0	0	0
1337	12	12	可乐_重击	0	1	12	1	0	0	0
1338	12	12	可乐_冻结	0	1	12	1	0	0	0
1339	12	12	可乐_狂暴药剂	0	1	12	1	0	0	0
1340	6	6	可乐_公用	0	1	6	1	0	0	0
1341	12	12	可乐_点名	0	1	12	1	0	0	0
1342	12	12	可乐_召唤沉沦魔	0	1	12	1	0	0	0
1343	12	12	可乐_召唤盾牌兵	0	1	12	1	0	0	0
1344	12	12	可乐_召唤炮塔	0	1	12	1	0	0	0
1345	12	12	可乐_召唤伏击小怪	0	1	12	1	0	0	0
1346	12	12	可乐_重选牌	0	1	12	1	0	0	0
1347	12	12	可乐_点名驱散	0	1	12	1	0	0	0
1348	1.5	1.5	战士_大_公共CD	20	1	1.5	1	0	0	0
1349	1.5	1.5	战士_小_公共CD	20	1	1.5	1	0	0	0
1350	1.5	1.5	法师_大_公共CD	20	1	1.5	1	0	0	0
1351	1.5	1.5	法师_小_公共CD	20	1	1.5	1	0	0	0
1352	1	1	刺客_大_公共CD	20	1	1	1	0	0	0
1353	1	1	刺客_小_公共CD	20	1	1	1	0	0	0
1354	8	8	刺客_大_隐身	20	1	8	1	0	0	0
1355	8	8	刺客_小_隐身	20	1	8	1	0	0	0
1356	180	180	刺客_大_刺杀	20	2	180	1	0	0	0
1357	6	6	刺客_小_刺杀	20	1	6	1	0	0	0
1358	1.5	1.5	刺客_大_投掷飞刃	20	1	1.5	1	0	0	0
1359	1.5	1.5	刺客_小_投掷飞刃	20	1	1.5	1	0	0	0
1360	10	10	刺客_大_爆发	20	1	10	1	0	0	0
1361	10	10	刺客_小_爆发	20	1	10	1	0	0	0
1362	30	30	刺客_大_千刃	20	1	30	1	0	0	0
1363	10	10	通用_挣脱	20	2	10	1	0	0	0
1364	15	15	通用_腾跃	20	1	15	1	0	0	0
1365	180	180	战士_大_跳劈	20	2	180	1	0	0	0
1366	12	12	战士_小_跳劈	20	1	12	1	0	0	0
1367	10	10	战士_大_冲锋	20	1	10	1	0	0	0
1368	10	10	战士_小_冲锋	20	1	10	1	0	0	0
1369	12	12	战士_大_钩子	20	1	12	1	0	0	0
1370	12	12	战士_小_钩子	20	1	12	1	0	0	0
1371	10	10	战士_大_剑刃风暴	20	1	10	1	0	0	0
1372	10	10	战士_小_剑刃风暴	20	1	10	1	0	0	0
1373	30	30	战士_大_怒吼	20	1	30	1	0	0	0
1374	180	180	法师_大_尸毒入侵	20	2	180	1	0	0	0
1375	1.5	1.5	法师_小_尸毒入侵	20	1	1.5	1	0	0	0
1376	10	10	法师_大_瞬身	20	1	10	1	0	0	0
1377	10	10	法师_小_瞬身	20	1	10	1	0	0	0
1378	15	15	法师_大_毒池	20	3	15	1	0	0	0
1379	15	15	法师_小_毒池	20	3	15	1	0	0	0
1380	8	8	法师_大_毒爆	20	1	8	1	0	0	0
1381	8	8	法师_小_毒爆	20	1	8	1	0	0	0
1382	2.5	2.5	法师_大_感染传播	20	1	2.5	1	0	0	0
1383	1	1	艺人开启判断CD	72	1	1	0	0	0	0
1384	2	2	通用_普通攻击_2秒	20	1	2	1	0	0	0
1385	1.5	1.5	通用_普通攻击_1.5秒	20	1	1.5	1	0	0	0
1386	30	30	僵尸复活回母僵尸身边	20	1	30	1	0	0	0
1387	1.5	1.5	猎魔人_扇形Aoe	20	1	1.5	1	0	0	0
1388	10	10	猎魔人_旋转风车	20	1	10	1	0	0	0
1389	10	10	猎魔人_猛劈	20	1	10	1	0	0	0
1390	10	10	猎魔人_圣光区域	20	1	10	1	0	0	0
1391	20	20	猎魔人_移速暴增	20	1	20	1	0	0	0
1392	25	25	猎魔人_跳跃	20	1	25	1	0	0	0
1393	1	1	狼神殿_史思明_玩家变身_GCD	12	1	1	1	0	0	0
1394	10	10	狼神殿_史思明_玩家变身_控制	12	1	10	1	0	0	0
1395	6	6	狼神殿_史思明_玩家变身_突进	12	1	6	1	0	0	0
1396	2	2	龙泉府扔雪球	0	1	2	1	0	0	0
1397	5	5	木落雁归	73	1	5	1	0	1	1
1398	20	20	浮游天地	73	1	20	1	0	1	1
1399	5	5	镜泊湖_滑冰	12	1	5	1	0	0	0
1400	10	10	湛然若海	73	1	10	1	0	1	1
1401	40	40	驭羽骋风	73	1	40	1	0	1	1
1402	1	1	浮游天地保护CD	73	1	1	1	0	1	0
1403	2	2	雕系技能公共CD	73	1	2	1	0	1	0
1404	24	24	翼绝云天CD	73	1	24	1	0	1	1
1405	15	15	荡伞CD	73	2	15	1	0	1	1
1406	30	30	翔极碧落	73	1	30	1	0	1	1
1407	90	90	醉挑金盏技能CD90秒	0	1	90	0	0	0	0
1408	1	1	溅射状态机	13	1	1	0	0	0	0
1409	10	10	心法伞浮空	73	1	10	1	0	1	1
1410	20	20	定波砥澜	73	1	20	1	0	1	1
1411	25	25	屏宇掠空	73	1	25	1	0	1	1
1412	30	30	振翅图南	73	1	30	1	0	1	1
1413	600	600	跷跷板召唤CD	13	1	600	0	0	0	0
1414	20	20	跷跷板技能CD	13	1	20	0	0	0	0
1415	65	65	疾电叱羽	73	1	65	1	0	1	1
1416	12	12	逸尘步虚	73	2	12	1	0	1	1
1417	18	18	跃潮斩波	73	1	18	1	0	1	1
1418	40	40	驰风震域	73	1	40	1	0	1	1
1419	22	22	太阴指	2	1	22	1	0	1	1
1420	1.5	1.5	清新30秒CD	2	1	1.5	1	0	1	1
1421	0.5	0.5	荡伞保护CD	73	1	0.5	1	0	1	0
1422	0.85	0.85	逸尘步虚保护CD	73	1	0.85	1	0	1	0
1423	30	30	新飞竹雷霆充能30秒	4	2	30	1	0	1	1
1424	1.5	1.5	上天检查cd	73	1	1.5	1	0	1	0
1425	30	30	振翅图南充能	73	2	30	1	0	1	1
1426	0.5	0.5	振翅图南充能保护CD	73	1	0.5	1	0	1	0
1427	21	21	浮游天地充能	73	2	21	1	0	1	1
1428	65	65	天地充能	4	2	65	1	0	1	1
1429	15	15	蟾躁充能15秒	9	2	15	1	0	1	0
1430	12	12	逸尘步虚奇穴充能	73	3	12	1	0	1	1
1431	0.5	0.5	蟾啸充能保护CD	9	1	0.5	1	0	1	0
1432	6	6	横扫千军_蓬莱	11	1	6		0	1	0
1433	1.5	1.5	回风扫叶_蓬莱	11	1	1.5		0	1	0
1434	45	45	回春妙手_蓬莱	11	1	45		0	1	0
1435	40	40	鸿渐于飞	73	1	40	1	0	1	1
1436	1.5	1.5	大招1秒保护CD	73	1	1.5	1	0	1	0
1437	1	1	定波砥澜二段保护CD	73	1	1	1	0	1	0
1438	6	6	溟海御波	73	1	6	1	0	1	1
1439	15	15	逐波灵游	73	1	15	1	0	1	1
1440	15	15	荡伞3层充能	73	3	15	1	0	1	1
1441	1800	1800	预热_蓬莱重制满神京道具30分钟	46	1	1800	1	0	1	0
1442	5	5	海运南冥	73	1	5	1	0	1	1
1443	6	6	溟海御波充能	73	2	6	1	0	1	1
1444	0.5	0.5	溟海御波充能保护	73	1	0.5	1	0	1	0
1445	60	60	红衣律法	0	1	60	1	0	0	0
1446	30	30	空桑舞瑟	73	1	30	1	0	1	1
1447	1	1	翼绝云天保护CD	73	1	1	1	0	1	0
1448	60	60	劝诱	0	1	60	1	0	0	0
1449	60	60	六门律令	0	1	60	1	0	0	0
1450	7200	7200	召唤_司空仲平	38	1	7200	0	0	0	0
1451	7200	7200	召唤_影	38	1	7200	0	0	0	0
1452	7200	7200	召唤_莫雨	38	1	7200	0	0	0	0
1453	7200	7200	召唤_肖药儿	38	1	7200	0	0	0	0
1454	7200	7200	召唤_米丽古丽	38	1	7200	0	0	0	0
1455	7200	7200	召唤_陶寒亭	38	1	7200	0	0	0	0
1456	7200	7200	召唤_烟	38	1	7200	0	0	0	0
1457	7200	7200	召唤可人	38	1	7200	0	0	0	0
1458	7200	7200	召唤月弄痕	38	1	7200	0	0	0	0
1459	7200	7200	召唤_张桎辕	38	1	7200	0	0	0	0
1460	3	3	切机关CD	10	1	3	1	0	0	0
1461	60	60	红衣律制	12	1	60	1	0	1	0
1462	60	60	自我献祭	12	1	60	1	0	1	0
1463	60	60	战斗命令	12	1	60	1	0	1	0
1464	5	5	劝诱与鞭笞	12	1	5	1	0	1	0
1465	60	60	六门律令	12	1	60	1	0	1	0
1466	45	45	千秋万劫	10	1	45	1	0	1	1
1467	60	60	医术血蓝小药CD	24	1	60		0	0	0
1468	35	35	奇穴大招	73	1	35	1	0	1	1
1469	180	180	琴台召唤CD3min	13	1	180	0	0	0	0
1471	120	120	驱散类药品CD120s	24	1	120	1	0	1	0
1472	10	10	ACT100_经首道源_脚蹼CD	46	1	10	0	0	0	0
1473	5	5	战斗轻功冲刺CD	11	1	5	1	0	0	0
1474	2	2	箭CD	38	1	2	0	0	0	0
1475	15	15	鼓舞士气15S	38	1	15	0	0	0	0
1476	60	60	指挥_减伤罩	38	1	60	0	0	0	0
1477	12	12	指挥_晕眩	38	1	12	0	0	0	0
1478	10	10	火弹5S	38	1	10	1	0	1	0
1479	25	25	冰火岛_炮台_磷光炸药	12	1	25	1	0	0	0
1480	5	5	冰火岛_炮台_寒玉裂片	12	1	5	1	0	0	0
1481	40	40	冰火岛_炮台_穿甲弩箭	12	1	40	1	0	0	0
1482	1.5	1.5	天女散花CD	10	1	1.5	1	0	0	0
1483	5	5	暗香大旗	38	1	5	1	0	1	0
1484	60	60	腰部挂件_期货海螺_30秒	46	1	60	0	0	0	0
1485	3600	3600	机甲鸟哨_使用CD	12	1	3600	1	0	0	0
1486	180	180	召唤竹林3min	13	1	180	0	0	0	0
1487	180	180	琵琶CD3min	13	1	180	0	0	0	0
1488	20	20	进入竹林20s	13	1	20	0	0	0	0
1489	30	30	腰挂花篮30s	13	1	30	0	0	0	0
1490	90	90	峰值活动_发红包_1.5分钟	46	1	90	1	0	0	0
1491	5	5	吃鸡_侦查道具	46	1	5	0	0	0	0
1492	20	20	霜天剑泠	4	1	20	1	0	1	1
1493	360	360	卦预乾坤技能CD360秒	0	1	360	0	0	0	0
1494	240	240	朝露昙华技能CD240秒	0	1	240	0	0	0	0
1495	480	480	九州定鼎技能CD600秒	0	1	480	0	0	0	0
1496	360	360	拂尘赐清平6minCD	13	1	360	0	0	0	0
1497	5	5	浩气令恶人令5sCD	13	1	5	0	0	0	0
1498	20	20	长歌天灯表现CD	0	1	20	0	0	0	0
1499	2	2	落水打狗	7	1	2	1	0	1	0
1500	5	5	靛羽风鸟复制型_玩家技能通用CD	12	1	5	1	0	0	0
1501	60	60	水月无间新CD	2	2	60	1	0	1	1
1502	79200	79200	元宵节_兔子灯22小时	46	1	79200	0	0	0	0
1503	60	60	背挂灯笼1min	13	1	60	0	0	0	0
1504	30	30	灯笼舞30s	13	1	30	0	0	0	0
1505	30	30	吃鸡_月影沙	46	1	30	1	0	0	0
1506	0.5	0.5	传影子0.5秒保护CD	69	1	0.5	1	0	1	0
1507	6	6	蛇影6秒CD	9	2	6	1	0	1	0
1508	0.5	0.5	青霄飞羽gcd	69	1	0.5	1	0	0	0
1509	0.5	0.5	镇山河保护CD	3	1	0.5	1	0	0	0
1510	1.5	1.5	擒龙六斩保护CD	71	1	1.5	1	0	1	0
1511	1.5	1.5	擒龙六斩保护CD1	71	1	1.5	1	0	1	0
1512	1.5	1.5	擒龙六斩保护CD2	71	1	1.5	1	0	1	0
1513	1.5	1.5	擒龙六斩保护CD3	71	1	1.5	1	0	1	0
1514	1.5	1.5	擒龙六斩保护CD4	71	1	1.5	1	0	1	0
1515	180	180	蓬山云岚道具3minCD	0	1	180	0	0	0	0
1518	180	180	愚人节_奇遇	46	1	180	1	0	0	0
1519	5	5	鲲鹏岛_圆形炸弹_5秒5次充能	12	5	5		0	0	0
1520	0.25	0.25	九转万世保护CD	3	1	0.25	1	0	0	0
1521	5	5	鲲鹏岛_条形炸弹_5秒5次充能	12	5	5		0	0	0
1523	5	5	饕餮洞_连线CD	12	1	5	1	0	0	0
1524	600	600	领舞外装CD10分钟	0	1	600	1	0	0	0
1525	6	6	尘归海_4号_玩家技能公用CD	12	1	6	0	0	0	0
1526	20	20	尘归海_4号_玩家闪现技能CD	12	1	20	0	0	0	0
1527	10	10	尘归海_4号_玩家重击技能CD	12	1	10	0	0	0	0
1528	35	35	尘归海_4号_玩家棍舞技能CD	12	1	35	0	0	0	0
1529	15	15	尘归海_4号_玩家棍气技能CD	12	1	15	0	0	0	0
1530	30	30	背挂竖琴30s	13	1	30	0	0	0	0
1531	0.5	0.5	鲲鹏岛_炸弹公CD	12	1	0.5	1	0	1	0
1532	10	10	鲲鹏岛_冲刺CD15秒	12	1	10	1	0	1	0
1533	15	15	鲲鹏岛_特殊炸弹CD	12	1	15	1	0	1	0
1534	10	10	鲲鹏岛_追踪弹10秒	12	1	10	1	0	1	0
1535	10	10	鲲鹏岛_燃烧弹10秒	12	1	10	1	0	1	0
1536	30	30	鲲鹏岛_巨型炸弹10秒	12	1	30	1	0	1	0
1537	5	5	尘归海巨冥湾_3号_发射CD	12	1	5	1	0	0	0
1538	5	5	尘归海巨冥湾_3号_鱼枪道具使用CD	12	1	5	1	0	1	0
1539	2	2	舍身和舍身收公CD	5	1	2	1	0	1	0
1540	2	2	落水打狗伤害一	7	1	2	1	0	1	0
1541	2	2	落水打狗伤害二	7	1	2	1	0	1	0
1542	2	2	落水打狗伤害三	7	1	2	1	0	1	0
1543	15	15	九转归一2层充能	3	2	15	1	0	1	1
1544	0.5	0.5	九转充能保护CD	3	1	0.5	1	0	1	0
1546	8	8	关剑舞8秒	4	1	8	1	0	1	0
1547	75	75	素手芊芊CD	4	1	75	1	0	1	1
1548	18	18	剑转流云	4	1	18	1	0	1	1
1549	1	1	御自身公共调息	1	1	1	1	0	1	0
1550	16	16	千丝_奇穴	9	1	16	1	0	1	1
1551	40	40	指挥箭雨CD	12	1	40	0	0	0	0
1552	60	60	MOBA装备_60sCD	42	1	60		0	0	0
1553	120	120	MOBA装备_120sCD	42	1	120		0	0	0
1554	1	1	神机车_连弩	10	1	1	1	0	1	0
1555	1.5	1.5	重弩_调息时间	10	1	1.5	1	0	1	0
1556	1.5	1.5	神机车_冲撞	10	1	1.5	1	0	1	0
1557	1.5	1.5	神机车_吟唱重击	10	1	1.5	1	0	1	0
1558	12	12	神机车_范围攻击	10	1	12	1	0	1	0
1559	1	1	神机车公共CD	10	1	1	1	0	1	0
1560	40	40	巨冥湾_指挥箭雨CD2	12	1	40	0	0	0	0
1561	1	1	巨冥湾_指挥排射CD	12	1	1	1	0	1	0
1562	1	1	迷仙引梦保护CD	9	1	1	1	0	1	0
1563	60	60	腰部挂件_儿童节陀螺_60秒	46	1	60	0	0	0	0
1564	5	5	巨冥湾_2号关卡_紧急脱离5秒GCD	0	1	5	1	0	0	0
1565	10	10	巨冥湾_2号关卡_灭火弹CD10秒	0	1	10	1	0	0	0
1566	20	20	巨冥湾_2号关卡_加速CD20秒	0	1	20	1	0	0	0
1567	20	20	巨冥湾_2号关卡_减速CD20秒	0	1	20	1	0	0	0
1568	30	30	moba回血小技能	64	1	30	0	0	0	0
1569	1.5	1.5	橙武听风保护CD	2	1	1.5	1	0	1	0
1570	420	420	召唤编钟7min	13	1	420	0	0	0	0
1571	30	30	编钟演奏30s	13	1	30	0	0	0	0
1572	180	180	鲲鹏岛装备_120s	42	1	180	0	0	0	0
1573	16	16	瑶境宸游16秒CD	13	1	16		0	0	0
1574	0.5	0.5	驭羽骋风保护CD	73	1	0.5	1	0	1	0
1575	600	600	通用10分钟提示间隔	64	1	600		0	0	0
1576	0.5	0.5	霸刀特殊武器_0.5sCD	42	1	0.5	1	0	0	0
1577	60	60	七夕节_不倒翁	46	1	60	0	0	0	0
1578	90	90	七夕_不倒翁_找对象	46	1	90	0	0	0	0
1580	20	20	骤雨寒江	74	1	20	1	0	1	1
1581	8	8	金戈回澜	74	1	8	1	0	1	1
1582	20	20	血覆黄泉	74	2	20	1	0	1	1
1583	5	5	寂洪荒	74	2	5	1	0	1	1
1584	3	3	敖龙岛_激活阵眼CD	12	1	3	1	0	0	0
1585	25	25	铁马冰河	74	1	25	1	0	1	1
1586	0.5	0.5	铁马冰河保护CD	74	1	0.5	1	0	1	0
1587	30	30	中秋_腰挂_月桂衔铃_使用CD	46	1	30	1	0	0	0
1588	16	16	桂花树表现16s	13	1	16	0	0	0	0
1589	10	10	桂花树小动作10s	13	1	10	0	0	0	0
1590	360	360	召唤桂花树6min	13	1	360	0	0	0	0
1591	15	15	乱天狼	74	1	15	1	0	1	1
1592	20	20	隐风雷	74	1	20	1	0	1	1
1593	40	40	斩无常	74	1	40	1	0	1	1
1594	10	10	幽冥窥月	74	1	10	1	0	1	1
1595	300	300	十方玄机	74	1	300	1	0	1	1
1596	30	30	崔嵬鬼步	74	1	30	1	0	1	1
1597	12	12	日月吴钩	74	1	12	1	0	1	1
1598	46	46	孤风飒踏	74	1	46	1	0	1	1
1599	5	5	寂洪荒3层	74	3	5	1	0	1	1
1600	5	5	玄鹤别院_妙手CD5S	0	1	5	1	0	0	0
1601	180	180	召唤书台3min	13	1	180	0	0	0	0
1602	27	27	坐忘无我透支	3	1	27	1	2	1	1
1603	60	60	十方玄机瞬发	74	1	60	1	0	1	1
1604	50	50	风沙效果CD	8	1	50	1	0	1	1
1605	15	15	日月吴钩2层	74	2	15	1	0	1	1
1606	20	20	蛊惑众生充能	9	2	20	1	0	1	0
1607	0.5	0.5	蛊惑众生保护CD	9	1	0.5	1	0	1	0
1610	40	40	驭羽骋风奇穴充能	73	2	40	1	0	1	1
1611	0.5	0.5	驭羽骋风奇穴充能保护	73	1	0.5	1	0	1	0
1612	35	35	横云意	74	1	35	1	0	1	1
1613	45	45	青山共我	74	1	45	1	0	1	1
1614	5	5	铁血・乱天狼	61	1	5	1	0	0	0
1615	60	60	铁血・日月吴钩	61	1	60	1	0	1	0
1616	0.1	0.1	乱天狼左手CD	74	1	0.1	1	0	1	0
1617	0.1	0.1	乱天狼右手CD	74	1	0.1	1	0	1	0
1618	0.1	0.1	寂洪荒左右CD	74	1	0.1	1	0	1	0
1619	0.1	0.1	寂洪荒右手CD	74	1	0.1	1	0	1	0
1620	0.1	0.1	隐风雷左手CD	74	1	0.1	1	0	1	0
1621	0.1	0.1	隐风雷右手CD	74	1	0.1	1	0	1	0
1622	10	10	御城・急	62	1	10		0	0	0
1623	0.5	0.5	日月吴钩保护CD	74	1	0.5	1	0	1	0
1624	1	1	气剑界面开关CD	3	1	1	1	0	1	0
1625	5	5	丐帮特殊武器_九龙升景使用CD	42	1	5	1	0	1	0
1626	180	180	唐门特殊武器_八相连珠使用CD	42	1	180	1	0	1	0
1627	2.5	2.5	唐门特殊武器_八相连珠连弩CD	42	1	2.5	1	0	1	0
1628	45	45	唐门特殊武器_大炮CD	42	1	45	1	0	1	0
1629	20	20	唐门特殊武器_天罗地网CD	42	1	20	1	0	1	0
1630	0.5	0.5	缴械充能保护	8	1	0.5	1	0	1	0
1631	60	60	丐帮特殊武器_九龙升景大招CD	42	1	60	1	0	1	0
1632	1.5	1.5	五毒特殊武器_圣蝎普攻CD	42	1	1.5	1	0	0	0
1633	1.5	1.5	五毒特殊武器_操作公CD	42	1	1.5	1	0	1	0
1634	120	120	五毒特殊武器_召唤CD	42	1	120	1	0	1	0
1635	15	15	五毒特殊武器_破甲CD	42	1	15	1	0	1	0
1636	10	10	五毒特殊武器_蝎毒CD	42	1	10	1	0	1	0
1637	90	90	毽子背挂进入90秒	0	1	90	1	0	0	0
1638	30	30	毽子背挂表现技能30秒	0	1	30	1	0	0	0
1639	5	5	毽子互相踢5秒	0	1	5	1	0	0	0
1640	120	120	浪客行_上衣附魔_120秒	46	1	120	1	0	1	0
1641	60	60	浪客行_上衣附魔_60秒	46	1	60	1	0	1	0
1642	40	40	浪客行_上衣附魔_40秒	46	1	40	1	0	1	0
1643	30	30	浪客行_上衣附魔_30s	46	1	30	1	0	1	0
1644	60	60	浪客行_武器附魔_60s	46	1	60	1	0	1	0
1645	50	50	浪客行_武器附魔_50s	46	1	50	1	0	1	0
1646	40	40	浪客行_武器附魔_40s	46	1	40	1	0	1	0
1647	20	20	浪客行_武器附魔_20s	46	1	20	1	0	1	0
1648	60	60	浪客行_特效_60s	46	1	60	1	0	1	0
1649	20	20	浪客行_特效_20s	46	1	20	1	0	1	0
1650	0.5	0.5	孤风飒踏保护CD	74	1	0.5	1	0	1	0
1651	25	25	元肩转腰	4	2	25	1	0	1	0
1652	3	3	舞蹈技能CD	4	1	3	1	0	1	0
1653	15	15	绫罗红波	4	3	15	0	0	1	0
1654	10	10	浮游天地10秒保护	73	1	10	1	0	1	0
1655	15	15	收宠物CD	9	1	15	1	0	1	0
1656	1.5	1.5	丐帮特殊武器_四方逍遥公CD	42	1	1.5	1	0	0	0
1657	60	60	丐帮特殊武器_任务起跳CD	42	1	60	1	0	1	0
1658	5	5	丐帮特殊武器_四方逍遥前	42	1	5	1	0	1	0
1659	5	5	丐帮特殊武器_四方逍遥后	42	1	5	1	0	1	0
1660	5	5	丐帮特殊武器_四方逍遥左	42	1	5	1	0	1	0
1661	5	5	丐帮特殊武器_四方逍遥右	42	1	5	1	0	1	0
1662	0.5	0.5	六臂屠魔	5	1	0.5	0	0	0	0
1663	1.5	1.5	三面暴焰	5	1	1.5	0	0	0	0
1664	10	10	五眼识真	5	1	10	0	0	0	0
1665	1	1	黑天金刚	5	1	1	0	0	0	0
1666	60	60	心印加身	5	1	60	0	0	0	0
1667	180	180	不动明王	5	1	180	1	0	1	0
1668	0.5	0.5	崔嵬鬼步解保护CD	74	1	0.5	1	0	1	0
1669	120	120	樱华坠梦CD	0	1	120	0	0	0	0
1670	5	5	五毒新版特殊武器_呱呱吐息CD	42	1	5	1	0	1	0
1671	15	15	五毒新版特殊武器_呱呱空投CD	42	1	15	1	0	1	0
1672	15	15	五毒新版特殊武器_呱呱吞噬CD	42	1	15	1	0	1	0
1673	5	5	心情交互GCD5s	0	1	5	1	0	1	0
1674	20	20	心情交互_清洁20s	0	1	20	1	0	0	0
1675	20	20	心情交互_放牧20s	0	1	20	1	0	1	0
1676	20	20	心情交互_安抚20s	0	1	20	1	0	1	0
1677	20	20	心情交互_训练20s	0	1	20	1	0	1	0
1678	60	60	MOBA装备_腰带_60sCD	42	1	60		0	0	0
1679	300	300	背挂石剑5分钟	13	1	300	0	0	0	0
1680	25	25	五毒新版特殊武器_无支祁地刺CD	42	1	25	1	0	1	0
1681	45	45	五毒新版特殊武器_无支祁嘲讽CD	42	1	45	1	0	1	0
1682	30	30	五毒新版特殊武器_守护CD	42	1	30	1	0	1	0
1683	300	300	隐狐匿踪5分钟CD	13	1	300	1	0	1	0
1684	5	5	隐狐匿踪切换及动作CD	13	1	5	1	0	1	0
1685	360	360	笙_进入_6min	13	1	360	1	0	0	0
1686	30	30	笙_表现_30s	13	1	30	1	0	0	0
1687	1	1	剑纯特殊武器任务玩家技能CD	42	1	1	0	0	0	0
1688	300	300	孔雀召唤5min	13	1	300	1	0	0	0
1689	15	15	孔雀交互15s	13	1	15	1	0	0	0
1690	1.5	1.5	龙啸九天保护CD	7	1	1.5	1	0	1	0
1691	15	15	轮椅15s	13	1	15	0	0	0	0
1692	5	5	五毒新版特殊武器_任务道具使用CD	0	1	5	1	0	1	0
1693	90	90	元旦活动_龙门飞剑	46	1	120	1	0	0	0
1695	60	60	奇遇天书使用CD	13	1	60	0	0	0	0
1696	77	77	疾如风透支	1	1	77	1	2	1	1
1697	6	6	莫问羽CD修改	69	4	6	1	0	1	1
1698	6	6	奶歌新羽CD	69	3	6	1	0	1	1
1699	0.5	0.5	透支风保护CD	1	1	0.5	1	0	1	0
1700	25	25	千斤坠充能	5	2	25	1	0	1	1
1701	0.5	0.5	千斤坠充能保护CD	5	1	0.5	1	0	1	1
1702	15	15	峰值沈剑心天空烟花	46	1	15	1	0	1	0
1703	15	15	峰值沈剑心能量烟花	46	1	15	1	0	1	0
1705	1.5	1.5	明教特殊武器_神焰降罪CD	42	1	1.5	1	0	1	0
1706	45	45	惊羽特殊武器_衿袖CD	42	1	45	1	0	1	0
1707	1	1	范阳夜变_打CALLCD	12	1	1	1	0	1	0
1708	600	600	范阳夜变_褶皱的纸张CD	12	1	600	1	0	1	0
1709	60	60	盗贼指南	12	1	60	0	0	0	0
1710	80	80	盾壁充能	68	2	80	1	0	1	1
1711	20	20	广陵月	4	1	20	1	0	1	1
1712	15	15	新剑出鸿蒙效果CD	3	1	15	1	0	1	1
1713	60	60	无间狱	74	1	60	1	0	1	1
1714	2	2	暗步追踪2秒调息	8	1	2	1	0	1	0
1715	15	15	范阳夜变_周贽持盾CD	12	1	15	1	0	0	0
1716	3	3	通用状态切换3s	75	1	3	0	0	0	0
1717	25	25	双人床_小动作	75	1	25	0	0	0	0
1718	25	25	书桌_状态切换	75	1	25	0	0	0	0
1719	20	20	琴桌_状态切换	75	1	20	0	0	0	0
1720	15	15	梳妆台_状态切换	75	1	15	0	0	0	0
1721	40	40	水榭40秒CD	4	1	40	1	0	1	1
1722	15	15	定波砥澜奇穴充能	73	2	15	1	0	1	1
1723	180	180	召唤澡盆3min	13	1	180	0	0	0	0
1724	1.5	0	笑傲一二段共用CD	69	1	1.5	1	0	1	0
1725	0.5	0.5	范阳夜变_安小逢_挣扎CD	12	1	0.5	1	0	0	0
1726	0.5	0.5	突保护CD	1	1	0.5	1	0	1	0
1727	300	300	安小逢挂件CD	0	1	300	1	0	1	0
1728	3	3	安小逢挂件技能通用cd	0	1	3	1	0	1	0
1729	300	300	范阳夜变_弃身・肆CD	12	1	300	1	0	1	0
1731	5	5	管家技能	75	1	5	0	0	0	0
1733	2	2	特殊npc对话2s	75	1	2		0	0	0
1735	300	300	家园送花5分钟	75	1	300		0	0	0
1737	300	300	家园举报CD	75	1	300		0	0	0
1740	38	38	血怒大劫化生35秒CD	68	3	38	1	0	1	1
1748	0.0625	0.0625	1帧	13	1	0.0625		0	1	0
1750	0.125	0.125	2帧	13	1	0.125		0	1	0
1752	0.1875	0.1875	3帧	13	1	0.1875		0	1	0
1754	0.25	0.25	4帧	13	1	0.25		0	1	0
1756	0.3125	0.3125	5帧	13	1	0.3125		0	1	0
1758	0.375	0.375	6帧	13	1	0.375		0	1	0
1760	0.4375	0.4375	7帧	13	1	0.4375		0	1	0
1762	0.5	0.5	8帧	13	1	0.5		0	1	0
1767	10	10	蘑菇表现10s	13	1	10	0	0	0	0
1768	0.6875	0.6875	11帧	13	1	0.6875	1	0	1	0
1769	6	6	腰部挂件_端午节鸡毛掸子_掸灰6秒	46	1	6	0	0	0	0
1770	30	30	腰部挂件_端午节鸡毛掸子_训斥30秒	46	1	30	0	0	0	0
1771	360	360	棋盘用CD6min	0	1	360	1	0	0	0
1772	5	5	棋盘落子CD5s	0	1	5	1	0	0	0
1773	25	25	占术_起卦CD	76	1	25	1	0	1	1
1774	2.5	2.5	占术套路公共CD	76	1	2.5	1	0	1	0
1775	25	25	占术_变卦CD	76	1	25	1	0	1	1
1776	17	17	奇门_黄泉八伤CD	76	2	17	1	0	1	1
1777	1	1	奇门_套路共用保护CD	76	1	1	1	0	1	0
1778	60	60	天机_鸿蒙天禁CD	76	1	60	1	0	1	1
1779	50	50	天机_天人合一CD	76	1	50	1	0	1	1
1780	1	1	天人合一保护CD	76	1	1	1	0	1	0
1781	8	8	镜花别院_丐帮推人CD	46	1	8	0	0	0	0
1782	30	30	镜花别院_大招CD	46	1	30	0	0	0	0
1783	5	5	九字诀_斗CD	76	1	5	1	0	1	1
1784	28	28	九字诀_行CD	76	1	28	1	0	1	1
1785	20	20	塔防_少林	46	1	20	1	0	1	0
1786	10	10	塔防_万花	46	1	10	1	0	1	0
1787	25	25	塔防_天策	46	1	25	1	0	1	0
1788	20	20	塔防_纯阳	46	1	20	1	0	1	0
1789	30	30	塔防_七秀	46	1	30	1	0	1	0
1790	25	25	塔防_五毒	46	1	25	1	0	1	0
1791	10	10	塔防_唐门	46	1	10	1	0	1	0
1792	20	20	塔防_藏剑	46	1	20	1	0	1	0
1793	25	25	塔防_丐帮	46	1	25	1	0	1	0
1794	25	25	塔防_明教	46	1	25	1	0	1	0
1795	25	25	塔防_苍云	46	1	25	1	0	1	0
1796	40	40	塔防_长歌	46	1	40	1	0	1	0
1797	15	15	塔防_霸刀	46	1	15	1	0	1	0
1798	20	20	塔防_蓬莱	46	1	20	1	0	1	0
1799	30	30	塔防_凌雪	46	1	30	1	0	1	0
1800	6	6	塔防_太阳花	46	1	6	1	0	1	0
1801	5	5	远程调用等待CD	46	1	5	1	0	0	0
1802	10	10	七夕帽子切表现10s	0	1	10	0	0	0	0
1803	10	10	天机_移动魂灯公用CD	76	1	10	1	0	1	1
1804	20	20	828_金币水漂CD	46	1	20	1	0	1	0
1805	10	10	鬼星开穴CD	76	1	10	1	0	1	1
1806	30	30	战疏狂	1	1	30	1	0	1	1
1807	25	25	乾坤一棍	5	1	25	1	0	1	1
1808	39	39	返闭惊魂招式CD	76	1	39	1	0	1	1
1809	40	40	新大针	2	1	40	1	0	1	1
1810	25	25	快雪25秒	2	1	25	1	0	1	1
1811	35	35	意坠墨池	2	1	35	1	0	1	1
1812	5	5	九字诀_兵CD	76	1	5	1	0	1	1
1813	20	20	九字诀_者CD	76	1	20	1	0	1	1
1814	120	120	镇山河不附带无敌	3	1	120	1	0	1	0
1815	50	50	天地悉归	3	1	50	1	0	1	1
1816	20	20	梯云纵二段CD	3	1	20	1	0	1	0
1817	32	32	千秋观月	3	1	32	1	0	1	1
1818	120	120	心鼓弦不附带战复	4	1	120	1	0	1	1
1819	5	5	江海凝光充能	4	2	5	1	0	1	0
1820	60	60	云棠雾敛	4	1	60	1	0	1	1
1821	50	50	松梢月影	4	1	50	1	0	1	1
1822	25	25	九字诀_皆CD	76	1	25	1	0	1	1
1823	45	45	莺鸣柳50秒	6	1	45	1	0	1	0
1824	120	120	凤凰蛊对自身	9	1	120	1	0	1	0
1825	40	40	蟾噬	9	1	40	1	0	1	0
1826	32	32	蟾噬复制	9	1	32	1	0	1	0
1827	30	30	万毒	9	1	30	1	0	1	1
1828	105	105	透支千蝶	9	1	105	1	2	1	1
1829	8	8	8秒蝶鸾	9	1	8	1	0	1	0
1830	40	40	寒髓遗音	9	1	40	1	0	1	1
1831	17	17	黄泉八伤_充能	76	3	17	1	0	1	1
1832	45	45	飞来闻踪	6	1	45	1	0	1	1
1833	19	19	变卦_充能CD	76	2	19	1	0	1	1
1834	30	30	横断山河	71	1	30	1	0	1	1
1835	35	35	承疗提高CD	76	1	35	1	0	1	1
1836	30	30	强化弩箭	10	1	30	1	0	1	0
1837	900	900	团队拉人15min	13	1	900		0	0	0
1838	30	30	爆裂箭	10	1	30	1	0	1	1
1839	40	40	天机_巨门北落CD	76	1	40	1	0	1	1
1840	35	35	闪光弹	10	1	35	1	0	1	1
1841	30	30	明教大招	8	1	30	1	0	1	1
1842	20	20	天机_杀星再尾CD	76	1	20	1	0	1	1
1843	50	50	祭湘君	7	1	50	1	0	1	1
1844	35	35	断马摧城	68	1	35	1	0	1	1
1845	60	60	回梦直接时施展	69	1	60	1	0	1	0
1846	8	8	剑商	69	2	8	1	0	1	0
1847	120	120	游太清	69	1	120	1	0	1	1
1848	2	2	游太清GCD	69	1	2	1	0	1	0
1849	1.25	1.25	操控多闻天王_伞击CD	12	1	1.25	1	0	1	0
1850	5	5	操控多闻天王_天降甘霖CD	12	1	5	1	0	1	0
1851	5	5	操控多闻天王_宝幡镇世CD	12	1	5	1	0	1	0
1852	5	5	操控多闻天王_三印加身CD	12	1	5	1	0	1	0
1853	5	5	操控多闻天王_拳击CD	12	1	5	1	0	1	0
1854	5	5	操控多闻天王_终结技CD	12	1	5	1	0	1	0
1855	5	5	操控多闻天王_投掷CD	12	1	5	1	0	1	0
1856	5	5	操控多闻天王_预备CD	12	1	5	1	0	1	0
1857	45	45	斗转星移CD	76	1	45	1	0	1	1
1858	12	12	逸尘步虚3层充能	73	3	12	1	0	1	1
1859	30	30	飞倾列缺	73	1	30	1	0	1	1
1860	20	20	血覆黄泉2_无间狱	74	2	20	1	0	1	0
1861	60	60	修罗暗度	74	1	60	1	0	1	1
1862	120	120	暗度・断马摧城	74	1	120	1	0	1	0
1863	120	120	暗度・醍醐灌顶	74	1	120	1	0	1	0
1864	120	120	暗度・南风吐月	74	1	120	1	0	1	0
1865	120	120	暗度・大针	74	1	120	1	0	1	0
1866	120	120	暗度・力破万钧	74	1	120	1	0	1	0
1867	120	120	暗度・剑出鸿蒙	74	1	120	1	0	1	0
1868	120	120	暗度・凌云剑	74	1	120	1	0	1	0
1869	120	120	暗度・霜天剑泠	74	1	120	1	0	1	0
1870	120	120	暗度・九微飞花	74	1	120	1	0	1	0
1871	150	150	暗度・蚀心蛊	74	1	150	1	0	1	0
1872	120	120	暗度・圣元阵	74	1	120	1	0	1	0
1873	120	120	暗度・流火连星	74	1	120	1	0	1	0
1874	120	120	暗度・诡面埋伏	74	1	120	1	0	1	0
1875	120	120	暗度・松舍问霞	74	1	120	1	0	1	0
1876	120	120	暗度・潜龙勿用	74	1	120	1	0	1	0
1877	120	120	暗度・微妙风	74	1	120	1	0	1	0
1878	120	120	暗度・琴音共鸣	74	1	120	1	0	1	0
1879	120	120	暗度・封渊震煞	74	1	120	1	0	1	0
1880	120	120	暗度・澹然若海	74	1	120	1	0	1	0
1881	120	120	暗度・青山共我	74	1	120	1	0	1	0
1882	120	120	暗度・杀星在尾	74	1	120	1	0	1	0
1883	120	120	暗度・横扫千军	74	1	120	1	0	1	0
1884	12	12	猿飞踢球CD	12	1	12	1	0	0	0
1885	8	8	斗_充能	76	3	8	1	0	1	1
1886	30	30	九字诀_阵CD	76	1	30	1	0	1	1
1887	0.5	0.5	衍天通用保护CD	76	1	0.5	1	0	1	0
1888	45	45	洛川神韵	2	1	45	1	0	1	1
1889	2	2	隐身二段内置CD	8	1	2	1	0	1	0
1890	3	3	阵营日常_冲浪板	46	1	3	0	0	0	0
1891	0.5	0.5	达摩洞_曳影剑驱影	12	1	0.5	1	0	1	0
1892	0.5	0.5	达摩洞_曳影剑爆杀	12	1	0.5	1	0	1	0
1893	5	5	达摩洞_曳影剑留痕	12	1	5	1	0	1	0
1894	10	10	粘花惹絮CD	12	1	10	1	0	1	0
1895	0.25	0.25	操控多闻天王_三印加身连打CD	12	1	0.25	1	0	0	0
1896	30	30	万花乱世_召唤跟随NPC	64	1	30	1	0	1	0
1897	40	40	封渊震煞45秒	71	1	40	1	2	1	1
1898	10	10	纵横三才单独CD1	76	1	10	1	0	1	1
1899	10	10	纵横三才单独CD2	76	1	10	1	0	1	1
1900	10	10	纵横三才单独CD3	76	1	10	1	0	1	1
1901	6	6	猿飞英雄踢球CD	12	1	6	1	0	1	0
1902	10	10	操控多闻天王_投掷CD	12	1	10	1	0	0	0
1903	5	5	操控多闻天王_刚震CD	12	1	5	1	0	0	0
1904	20	20	叶英释放技能	64	1	20	0	0	0	0
1905	10	10	万花乱世_喷瓶挂件	64	1	10	1	0	1	0
1906	20	20	万花乱世_操纵机甲_加速	64	1	20	1	0	1	0
1907	12	12	达摩洞指引道具	12	1	12	1	0	0	0
1908	0.5	0.5	凌云剑一二段gcd	3	1	0.5	1	0	0	0
1909	30	30	浪客行剑酒壶30秒cd	0	1	30	1	0	1	0
1910	25	25	阵营日常_加速冲浪板	46	1	25	0	0	0	0
1911	30	30	阵营日常_下马技能	46	1	30	0	0	0	0
1912	7200	7200	腰挂_问吉cd2h	42	1	7200	1	0	1	0
1913	1	1	踏星行一二段切换保护CD	76	1	1	1	0	1	0
1914	2	2	操纵多闻天王_伞击罗刹门版CD	12	1	2	1	0	1	0
1915	15	15	操纵多闻天王_天降甘霖罗刹门版CD	12	1	15	1	0	1	0
1916	8	8	操纵多闻天王_拳击罗刹门版CD	12	1	8	1	0	1	0
1917	15	15	峰值活动_咸鱼_丢哑铃	46	1	15	0	0	0	0
1918	600	600	寄琼苏召唤CD	13	1	600	0	0	0	0
1919	40	40	寄琼苏技能CD	13	1	40	0	0	0	0
1920	20	20	峰值活动_咸鱼_补充能量	46	1	20	0	0	0	0
1921	20	20	峰值活动_咸鱼_补充水分	46	1	20	0	0	0	0
1922	5	5	寄琼苏离开CD	13	1	5	0	0	0	0
1923	25	25	峰值活动_咸鱼_俯卧撑	46	1	25	1	0	1	0
1924	10	10	峰值活动_咸鱼_深蹲跳	46	1	10	1	0	1	0
1925	95	95	乱洒充能	2	2	95	1	0	1	1
1926	12	12	鬼星开穴充能CD	76	2	12	1	0	1	1
1927	0.5	0.5	乱洒充能GCD	2	1	0.5	1	0	1	0
1928	180	180	月满归乡_孔明灯_3分钟	46	1	180	0	0	0	0
1929	50	50	节日冬至鲤素帝骖龙翔	46	1	50	1	0	1	0
1930	60	60	节日冬至风眠无间狱	46	1	60	1	0	1	0
1931	1	1	龙门飞剑特殊武器释放延时	42	1	1	1	0	0	0
1932	30	30	龙门飞剑特殊武器cd	42	1	30	1	0	0	0
1933	30	30	节日冬至战八方	46	1	30	1	0	1	0
1934	25	25	节日冬至剑出鸿蒙	46	1	25	1	0	1	0
1935	40	40	节日冬至罗汉金身	46	1	40	1	0	1	0
1936	40	40	节日冬至圣元阵	46	1	40	1	0	1	0
1937	45	45	节日冬至微妙风	46	1	45	1	0	1	0
1938	60	60	节日冬至乘墨由心	46	1	60	1	0	1	0
1939	60	60	节日冬至百里追魂	46	1	60	1	0	1	0
1940	5	5	更换积木CD5s	75	1	5	0	0	0	0
1941	60	60	花间空山听风	2	1	60	1	0	1	1
1942	75	75	紫气面板CD	3	2	75	1	0	1	1
1943	2	2	打雪仗丢普通雪球1.5s	46	1	2	1	0	0	0
1944	5	5	打雪仗丢大雪球5s	46	1	5	1	0	0	0
1945	3	3	注册帮会联赛	13	1	3	0	0	0	0
1946	3	3	帮会排队界面获取联赛信息	13	1	3	0	0	0	0
1947	30	30	帮会联赛战场pq数据	13	1	30	0	0	0	0
1948	10	10	餐桌_状态切换	75	1	10	0	0	0	0
1949	15	15	白帝江关_胡汤_运功散尘CD	12	1	15	1	0	1	0
1950	1	1	玩具箱添加CD1s	13	1	1	1	0	0	0
1951	60	60	节日春节_举雪球_60秒	46	1	60	1	0	0	0
1952	10	10	玩具通用CD10s	13	1	10	1	0	0	0
1953	30	30	玩具通用CD30s	13	1	30	1	0	0	0
1954	60	60	玩具通用CD60s	13	1	60	1	0	0	0
1955	120	120	玩具通用CD120s	13	1	120	1	0	0	0
1956	6	6	家园烟花家具使用CD	75	1	6	1	0	0	0
1957	43200	43200	节日春节_2021炮仗12小时CD	46	1	43200	1	0	0	0
1958	3	3	帮会联赛投石车CD	13	1	3	0	0	0	0
1960	30	30	唐门特殊武器_八相连珠瞬影CD	42	1	30	1	0	0	0
1961	30	30	白帝江关_鱼枪使用CD	12	1	30	1	0	1	0
1962	10	10	家园小车CD	75	1	10	0	0	0	0
1963	30	30	浪客行_通关后传送到终点	46	1	30	1	0	0	0
1964	80	80	风来吴山透支	6	1	80	1	2	1	1
1965	1	1	风来吴山透支GCD	6	1	1	1	0	1	0
1967	15	15	宴天宫外装交互15s	13	1	15	0	0	0	0
1968	3	3	浪客行_丐帮门派增益cd	46	1	3	1	0	0	0
1969	3	3	任务用3s通用	64	1	3	1	0	1	0
1970	10	10	桃花树外装CD10s	0	1	10	0	0	0	0
1971	10	10	浪客行_神器_初始技能	46	1	10	1	0	0	0
1972	30	30	浪客行_神器_精准射击	46	1	30	1	0	0	0
1973	20	20	浪客行_神器_割裂	46	1	20	1	0	0	0
1974	1	1	白帝江关_翻滚0.5秒CD	12	1	1	1	0	0	0
1975	15	15	浪客行_神器_蓄力猛击	46	1	15	1	0	0	0
1976	15	15	浪客行_神器_溅射	46	1	15	1	0	0	0
1977	180	180	浪客行_神器_治疗	46	1	180	1	0	0	0
1978	20	20	浪客行_神器_蓄力猛击2	46	1	20	1	0	1	0
1979	10	10	化蛟醉斩	71	1	10	1	0	1	1
1980	25	25	浪客行_神器_蓄力猛击3	46	1	25	1	0	1	0
1981	30	30	浪客行_神器_蓄力猛击4	46	1	30	1	0	1	0
1982	5	5	任务用5s通用	64	1	5	1	0	1	0
1983	2	2	白帝江关_戒指任务_玩家闪避CD	12	1	2	1	0	0	0
1984	2	2	白帝江关_戒指任务_玩家格挡CD	12	1	2	1	0	0	0
1985	2	2	白帝江关_戒指任务_玩家攻击CD	12	1	2	1	0	0	0
1986	20	20	白帝江关_戒指任务_玩家诱导CD	12	1	20	1	0	0	0
1987	20	20	白帝江关_戒指任务_玩家嘲讽CD	12	1	20	1	0	0	0
1988	1	1	白帝江关_戒指任务_玩家共CD	12	1	1	1	0	0	0
1989	30	30	浪客行竹简30秒cd	0	1	30	1	0	0	0
1990	900	900	玩具杜康寄	0	1	900		0	0	0
1991	1.5	1.5	戒指任务_挑战模式玩家技能共CD	12	1	1.5	1	0	0	0
1992	11	11	毒刹界面表现	10	1	11	1	0	1	0
1993	3	1	大攻防排队CD	13	1	1	0	0	0	0
1994	3	3	儿童节自动射击cd	46	1	3	0	0	0	0
1995	2	2	修罗挑战P3_公共CD	12	1	2	1	0	0	0
1996	5	5	修罗挑战P3_储存CD	12	1	5	1	0	0	0
1997	12	12	修罗挑战P3_使用CD	12	1	12	1	0	0	0
1998	360	360	都塔尔使用CD6min	13	1	360	1	0	0	0
1999	30	30	都塔尔演奏CD30s	13	1	30	1	0	0	0
2000	10	10	新除滞散CD10s不混用	13	1	10	0	0	0	0
2001	5	5	乱世藏剑水枪技能5秒CD	13	1	5	0	0	0	0
2002	10	10	端午挂件阳燧	0	1	10	1	0	0	0
2003	20	20	外装178_熊熊_玩弄	0	1	20	0	0	0	0
2004	120	120	反隐道具CD	24	1	120	0	0	0	0
2005	60	60	破刀墙道具	48	1	60	0	0	0	0
2006	60	60	曳影残剑_60秒CD	13	1	60	0	0	0	0
2007	1	1	交易行按名字搜索查询物品CD	13	1	1	1	0	0	0
2008	1	1	交易行按交易记录详情查询物品CD	13	1	1	1	0	0	0
2009	1	1	交易行查询物品30天单价CD	13	1	1	1	0	0	0
2010	1	1	交易行查询自己上架的物品CD	13	1	1	1	0	0	0
2011	3	3	帮会联赛2次确认	13	1	3	0	0	0	0
2012	10	10	银光照雪	78	1	10	1	0	1	1
2013	30	30	惊鸿掠水	78	1	30	1	0	1	1
2014	1.5	1.5	钩吻断肠	78	1	1.5	1	0	1	1
2015	10	10	奚毒射罔	78	1	10	1	0	1	1
2016	20	20	沾衣未妨	78	1	20	1	0	1	1
2017	20	20	任务用20s通用	64	1	20	1	0	1	0
2018	50	50	且待时休	78	1	50	1	0	1	1
2019	23	23	龙葵自苦	78	1	23	1	0	1	1
2020	8	8	赤芍温香	78	1	8	1	0	1	1
2021	20	20	含锋破月	78	1	20	1	0	1	1
2022	0.5	0.5	含锋破月一二段GCD	78	1	0.5	1	0	1	0
2023	47	47	凌然天风	78	1	47	1	0	1	1
2024	86400	86400	活跃判定的CD	64	1	86400	0	0	0	0
2025	1728000	1728000	奇遇加成的CD	64	1	1728000	0	0	0	0
2027	3	3	千枝伏藏/千枝绽蕊切换GCD	78	1	3	1	0	1	0
2028	25	25	棘丛于地	78	1	25	1	0	1	1
2029	36	36	紫叶沉疴	78	1	36	1	0	1	1
2033	120	120	道具_啸如虎	0	1	120	1	0	1	0
2034	35	35	道具_怖畏暗刑	0	1	35	1	0	1	0
2035	15	15	吃鸡_山寨九转不充能	0	1	15	1	0	1	0
2036	75	75	吃鸡活动道具 紫气无充能	0	1	75	1	0	1	0
2037	60	60	道具_散流霞_原1114	0	1	60	1	0	1	0
2038	60	60	道具_临时飞爪	0	1	60	1	0	0	0
2039	40	40	道具_任驰骋单层cd	0	1	40	1	0	1	0
2040	30	30	道具_盾立_原810	0	1	30	1	0	1	1
2041	60	60	道具_鹊踏枝	0	1	60	1	0	1	0
2042	75	75	道具_蝶弄足	0	1	75	1	0	1	0
2043	30	30	绿野蔓生	78	1	30	1	0	1	1
2044	80	80	逐云寒蕊	78	1	80	1	0	1	1
2045	50	50	高山流水充能2层60秒	69	2	50	1	0	1	1
2046	0.5	0.5	高山流水充能保护cd	69	1	0.5	1	0	1	0
2048	7.5	7.5	镜花别院_保龄球	0	8	7.5	1	0	1	0
2049	15	15	镜花别院_保龄球炸弹	0	8	15	1	0	1	0
2050	10	10	上杉勇刀_一刀・浮沉CD	11	1	10	0	0	0	1
2051	10	10	华鹤炎_神策特质金创药CD	11	1	10	0	0	0	1
2052	10	10	罗翼_破裂CD	11	1	10	0	0	0	1
2053	60	60	罗翼_兵犬丸CD	11	1	60	0	0	0	1
2054	480	480	S级技能CD	11	1	480	1	0	0	1
2055	0.5	0.5	凌然天风gcd	78	1	0.5	1	0	1	0
2056	10	10	秦雷_积气法门	11	1	10	0	0	0	1
2057	10	10	秦雷_霞月长针	11	1	10	0	0	0	1
2058	30	30	秦雷_暗狼袭爪	11	1	30	0	0	0	1
2059	60	60	秦雷_黑煞落贪狼	11	1	60	0	0	0	1
2060	30	30	鬼影小次郎_一闪天诛	11	1	30	0	0	0	0
2061	10	10	鬼影小次郎_一闪无痕	11	1	10	0	0	0	0
2062	30	30	鬼影小次郎_初景白雨	11	1	30	0	0	0	0
2063	10	10	冯度_空穴来风	11	1	10	0	0	0	1
2064	3	3	切换镜头3s	13	1	3	1	0	1	0
2065	3	3	雷域大泽_喷吐毒液CD	12	1	3	1	0	1	0
2066	40	40	青川濯莲	78	1	40	1	0	1	1
2067	16	16	当归四逆	78	1	16	1	0	1	1
2068	600	600	枯木苏息	78	1	600	1	0	1	1
2069	10	10	上杉勇刀_枪法散阵	11	1	10	0	0	0	1
2070	30	30	杜钱_凶刃乱舞	11	1	30	0	0	0	1
2071	72000	72000	玩具_许愿树	75	1	72000	0	0	0	0
2072	120	120	杜钱_麝鹿续命丸	11	1	120	0	0	0	0
2073	10	10	杜钱_巨猿劈山	11	1	10	0	0	0	0
2074	10	10	上杉勇刀_一刀柄锤	11	1	10	0	0	0	0
2075	60	60	杜钱_麝鹿续命丸3级	11	1	60	0	0	0	0
2076	7200	7200	828盒子buff2小时CD	13	1	7200	1	0	0	0
2077	10	10	杜姬欣钱宗龙_剑心通明	11	1	10	0	0	0	1
2078	60	60	杜姬欣钱宗龙_毓秀灵药	11	1	60	0	0	0	1
2079	60	60	杜姬欣钱宗龙_帝骖龙翔	11	1	60	0	0	0	1
2080	1	1	惊鸿掠水不占GCD	78	1	1	1	0	1	0
2081	3	3	商陆其根坚阴	78	1	3	1	0	1	1
2082	20	20	天绝地灭充能	10	2	20	1	0	1	0
2083	32	32	2083 天策_任驰骋不充能	1	1	32	1	0	1	1
2084	8	8	新承华cd	9	1	8	1	0	1	0
2085	30	30	冰霜千机变	10	1	30	1	0	1	1
2086	3	3	机甲_3秒GCD	2	1	3	1	0	1	1
2087	10	10	肖童_七荒黑牙	11	1	10	0	0	0	1
2088	30	30	肖童_万蛇骨	11	1	30	0	0	0	1
2089	30	30	冯度_花钱消灾	11	1	30	0	0	0	1
2090	30	30	冯度_通世金诀	11	1	30	0	0	0	1
2091	10	10	方宇谦_漾剑式	11	1	10	0	0	0	1
2092	25	25	无执横扫六合	5	1	25	1	0	1	1
2093	30	30	方宇谦_九阴封脉指	11	1	30	0	0	0	1
2094	10	0	银光照雪加速	78	1	10	1	0	1	1
2095	30	0	惊鸿掠水加速	78	1	30	1	0	1	1
2096	20	0	含锋破月加速	78	1	20	1	0	1	1
2097	47		凌然天风加速	78	1	47	1	0	1	1
2098	90	90	道具平沙cd	0	1	90	1	0	1	0
2099	30	30	舞棍CD	5	1	30	1	0	1	1
2100	40	40	青圃着尘	78	1	40	1	0	1	1
2101	25	25	腐生予馈	78	1	25	1	0	1	1
2102	23	23	七情和合	78	1	23	1	0	1	1
2103	10	10	天工甲士_喷火	2	1	10	1	0	1	0
2104	10	10	天工甲士_震地	2	1	10	1	0	1	0
2105	90	90	天工甲士召唤	2	1	90	1	0	1	1
2106	15	15	天工甲士_护盾	2	1	15	1	0	1	0
2107	10	10	天工甲士_刚震	2	1	10	1	0	1	0
2108	60	60	召唤阿甘	2	1	60	1	0	1	1
2109	30	30	方宇谦_定波式	11	1	30	0	0	0	1
2110	30	30	冯度_斗转金移	11	1	30	0	0	0	1
2111	60	60	肖童_召唤蝮蛇	11	1	60	0	0	0	1
2112	30	30	华鹤炎_万花金创药	11	1	30	0	0	0	1
2113	30	30	霸刀吸人技能CD	71	1	30	1	3	1	1
2114	0.5	0.5	霸刀吸人保护CD	71	1	0.5	1	0	1	0
2115	8	8	挂雨赤芍温香透支	78	1	8	1	3	1	1
2116	3	3	醉舞飞天cd	9	1	3	1	0	1	1
2117	10	10	玩具_子规笛	75	1	10	0	0	0	0
2118	35	35	旋生飞草	78	1	35	1	0	1	1
2119	60	60	百药宣时	78	1	60	1	0	1	1
2120	6	6	天工甲士_喷雾	2	1	6	1	0	1	0
2121	30	30	卫栖梧_傲然刀势	11	1	30	0	0	0	1
2122	60	60	卫栖梧_飞云回转刀	11	1	60	0	0	0	1
2123	10	10	提多罗吒_土崩炸弹	11	1	10	0	0	0	1
2124	10	10	牡丹_气血蚕食法	11	1	10	0	0	0	1
2125	33	33	新驭羽	73	1	33	1	0	1	0
2126	30	30	卫栖梧_百步缠丝手	11	1	30	0	0	0	0
2127	10	10	卫栖梧_梁上君子	11	1	10	0	0	0	0
2128	30	30	谢云流_居合贯诚	11	1	30	0	0	0	0
2129	10	10	谢云流_渐影凝视	11	1	10	0	0	0	0
2131	0.5	0.5	拈花保护CD	5	1	0.5	1	0	1	0
2132	10	10	陆寻_奔狼踏月式	11	1	10	0	0	0	1
2133	10	10	牡丹_幽冥指	11	1	10	0	0	0	1
2134	10	10	牡丹_火魅指	11	1	10	0	0	0	1
2135	60	60	牡丹_血涂风暴	11	1	60	0	0	0	1
2136	60	60	肖童_召唤炼蛇花	11	1	60	0	0	0	0
2137	25	25	城复于隍	7	1	25	1	0	1	1
2138	50	50	红绡倩风	4	1	50	1	0	1	1
2139	0.5	0.5	百战异闻录_挣脱CD	12	1	0.5	1	0	0	0
2140	10	10	提多罗吒_九音陀罗曲静壁	11	1	10	0	0	0	1
2141	30	30	提多罗吒_九音陀罗曲波纹	11	1	30	0	0	0	1
2142	99999999	99999999	提多罗吒_龙象般若功一重	11	1	99999999	0	0	0	1
2143	10	10	五行术・土遁	11	1	10	0	0	0	1
2144	10	10	踏月式・掠途	11	1	10	0	0	0	1
2145	60	60	皓莲望月	11	1	60	0	0	0	1
2146	30	30	散阵枪	11	1	30	0	0	0	1
2147	60	60	奶歌切剑CD	69	1	60	1	0	1	0
2148	1	1	红绡倩风保护cd	4	1	1	1	0	1	0
2149	30	30	源明雅_阴阳术退散	11	1	30	0	0	0	0
2150	10	10	源明雅_土灵道符	11	1	10	0	0	0	0
2151	30	30	牡丹_内力潮汐	11	1	30	0	0	0	0
2152	30	30	华鹤炎_五行术雷震	11	1	30	0	0	0	0
2153	60	60	源明雅_武傀召来	11	1	60	0	0	0	1
2154	60	60	矢尽兵穷	68	1	60	1	0	1	0
2155	7	7	头顶表情使用CD	13	1	7	1	0	0	0
2156	6	6	盗宝贼道具CD	75	1	6	0	0	0	0
2157	45	45	长歌不愧疚君CD	69	1	45	1	0	1	1
2158	0.5	0.5	不愧君二段保护CD	69	1	0.5	1	0	1	0
2159	10	10	陆寻_枪断晴川	11	1	10	0	0	0	1
2160	30	30	陆寻_冥府滑行	11	1	30	0	0	0	1
2161	1	1	女娲二段保护CD	9	1	1	1	0	0	0
2162	30	30	日月晦	8	1	30	1	0	1	1
2163	0.5	0.5	日月晦保护cd	8	1	0.5	1	0	1	0
2164	45	45	千锋百锻	6	1	45	1	0	1	1
2165	20	20	假死解控cd	73	1	20	1	0	1	0
2166	15	15	百战异闻录_系统CD	12	1	15	0	0	0	0
2167	55	55	飞刃回转	74	1	55	1	0	1	1
2168	2	2	五灵符文	11	1	2	0	0	0	1
2169	10	10	尸鬼封烬	11	1	10	0	0	0	1
2170	55	55	链魂CD	74	1	55	1	0	1	1
2171	80	80	敛意cd	69	1	80	1	0	1	1
2172	99999999	99999999	源明雅_五灵加护	11	1	99999999	0	0	0	1
2173	90	90	天原绝境_火把cd	0	1	90	0	0	0	0
2174	12	12	天原绝境战象冲锋	0	1	12	1	0	1	0
2175	3	3	天原绝境战象践踏	0	1	3	1	0	1	0
2176	1	1	惊鸿掠水/回风的GCD	78	1	1	1	0	1	0
2177	10	10	华鹤炎_枪法炎罗	11	1	10	0	0	0	1
2178	7200	7200	召唤_游驹	38	1	7200	0	0	0	0
2179	7200	7200	召唤_小七	38	1	7200	0	0	0	0
2180	7200	7200	召唤_司徒	38	1	7200	0	0	0	0
2181	7200	7200	召唤_白某	38	1	7200	0	0	0	0
2182	60	60	谢云流_气刃法	11	1	60	0	0	0	1
2183	30	30	马扎技能cd30	0	1	30	0	0	0	0
2184	10	10	奚毒射罔充能	78	1	10	1	2	1	1
2185	25	25	家园通用25sCD	64	1	25	0	0	0	0
2186	1	1	紫叶沉疴不占GCD	78	1	1	1	0	1	0
2187	30	30	丐帮5%大附魔蛟龙CD	7	1	30	1	0	1	0
2188	1	1	巨门无GCD替换	76	1	1	1	0	1	0
2189	25	25	篾片蛊	9	1	25	1	0	1	1
2190	180	180	点赞资格	13	1	180	0	0	0	0
2192	10	10	天原绝境天玄冰	0	1	10	1	0	1	0
2193	240	240	使用钥匙1	12	1	240	1	0	0	0
2194	240	240	使用钥匙2	12	1	240	1	0	0	0
2195	240	240	使用钥匙3	12	1	240	1	0	0	0
2196	240	240	使用钥匙4	12	1	240	1	0	0	0
2197	240	240	使用钥匙5	12	1	240	1	0	0	0
2198	240	240	使用钥匙6	12	1	240	1	0	0	0
2199	240	240	使用钥匙7	12	1	240	1	0	0	0
2200	240	240	使用钥匙8	12	1	240	1	0	0	0
2201	240	240	使用钥匙9	12	1	240	1	0	0	0
2202	240	240	使用钥匙10	12	1	240	1	0	0	0
2203	240	240	使用钥匙11	12	1	240	1	0	0	0
2204	240	240	使用钥匙12	12	1	240	1	0	0	0
2205	240	240	使用钥匙阴1	12	1	240	1	0	0	0
2206	240	240	使用钥匙阴2	12	1	240	1	0	0	0
2207	240	240	使用钥匙阴3	12	1	240	1	0	0	0
2208	240	240	使用钥匙阴4	12	1	240	1	0	0	0
2209	240	240	使用钥匙阴5	12	1	240	1	0	0	0
2210	240	240	使用钥匙阴6	12	1	240	1	0	0	0
2211	240	240	使用钥匙阴7	12	1	240	1	0	0	0
2212	240	240	使用钥匙阴8	12	1	240	1	0	0	0
2213	240	240	使用钥匙阴9	12	1	240	1	0	0	0
2214	240	240	使用钥匙阴10	12	1	240	1	0	0	0
2215	240	240	使用钥匙阴11	12	1	240	1	0	0	0
2216	240	240	使用钥匙阴12	12	1	240	1	0	0	0
2217	20	20	无方大附魔沾衣额外	78	1	20	1	0	1	0
2218	1	1	沾衣GCD	78	1	1	1	0	1	0
2219	1	1	小附魔云栖松无gcd	6	1	1	1	0	1	0
2220	120	120	暗度・并蒂夺株	74	1	120	1	0	1	0
2221	120	120	暗度・旋生飞草	74	1	120	1	0	1	0
2222	1.5	1.5	狂龙乱舞CD	7	1	1.5	1	0	1	0
2223	10	10	韦柔丝_三阳穿心掌	11	1	10	0	0	0	1
2224	10	10	韦柔丝_血龙甩尾	11	1	10	0	0	0	1
2225	60	60	韦柔丝_兔死狐悲	11	1	60	0	0	0	1
2226	60	60	韦柔丝_逆心转脉	11	1	60	0	0	0	1
2227	30	30	程沐华_麻沸散	11	1	30	0	0	0	1
2228	10	10	程沐华_伤寒刺骨针	11	1	10	0	0	0	1
2229	30	30	程沐华_特制止血钳	11	1	30	0	0	0	1
2230	60	60	程沐华_天养生息法	11	1	60	0	0	0	1
2231	30	30	程沐华_玄珠花蜜	11	1	30	0	0	0	1
2232	10	10	阿基修斯_夺命突	11	1	10	0	0	0	1
2233	30	30	阿基修斯_夜叉探海	11	1	30	0	0	0	0
2234	30	30	阿基修斯_孤傲战鳍	11	1	30	0	0	0	1
2235	30	30	阿基修斯_海蛇投枪	11	1	30	0	0	0	1
2236	20	20	剑神无我	4	1	20	1	0	1	0
2237	0.5	0.5	炸天绝保护cd	10	1	0.5	1	0	1	0
2238	25	25	疾	1	1	25	1	0	1	0
2239	6	6	雷域大泽_钩爪使用CD	12	1	6	1	0	0	0
2240	25	25	天工甲士_主动下车再上间隔	2	1	25	1	0	1	1
2241	5	5	天工甲士_修复	2	1	5	1	0	1	0
2242	180	180	挂件拐召唤CD3min	13	1	180	1	0	0	0
2243	15	15	林中小村战斗拉人	0	1	15	1	0	0	0
2244	300	300	帮会召唤5分钟	13	1	300		0	0	0
2245	0.5	0.5	渊秘检测人数内置cd	74	1	0.5	1	0	1	0
2246	1800	1800	冬至附魔戎焰・凡	0	1	1800	1	0	0	0
2247	600	600	门客召唤通用CD	13	1	600	1	0	0	0
2248	1800	1800	冬至附魔戎焰・闲	0	1	1800	1	0	0	0
2249	1800	1800	冬至附魔戎焰・珍	0	1	1800	1	0	0	0
2250	1800	1800	冬至附魔戎焰・奇	0	1	1800	1	0	0	0
2251	1800	1800	冬至附魔碧葳・凡	0	1	1800	1	0	0	0
2252	1800	1800	冬至附魔・碧葳・闲	0	1	1800	1	0	0	0
2253	1800	1800	冬至附魔・碧葳・珍	0	1	1800	1	0	0	0
2254	1800	1800	冬至附魔・碧葳・奇	0	1	1800	1	0	0	0
2255	1800	1800	冬至附魔・澜渺・凡	0	1	1800	1	0	0	0
2256	1800	1800	冬至附魔・澜渺・闲	0	1	1800	1	0	0	0
2257	1800	1800	冬至附魔・澜渺・珍	0	1	1800	1	0	0	0
2258	1800	1800	冬至附魔・澜渺・奇	0	1	1800	1	0	0	0
2259	2	2	凌然天风南草GCD	78	1	2	1	0	1	0
2260	5	5	枯木苏息5秒保护CD	78	1	5	1	0	1	0
2261	180	180	道具_守如山	0	1	180	1	0	1	0
2262	120	120	道具_转乾坤	0	1	120	1	0	1	0
2263	45	45	道具_锻骨诀	0	1	45	1	0	1	0
2264	70	70	道具_惊鸿游龙	0	1	70	1	0	1	0
2265	40	40	节日冬至枯木苏息	46	1	40	1	0	1	0
2266	5	5	冬至附魔火套装属性检查cd	0	1	5	1	0	0	0
2267	10	10	冬至附魔草套装回血	0	1	10	1	0	0	0
2268	3	3	节日冬至绝技公共CD	46	1	3	1	0	1	0
2269	1.5	1.5	完成成就内置CD	13	1	1.5	1	0	0	0
2270	2	2	设置名片皮肤CD	13	1	2	0	0	0	0
2271	48	48	河阳之战_5号马战_砍人gcd	0	1	48	1	0	0	0
2272	320	320	河阳之战_5号马站_加速	0	1	320	1	0	0	0
2273	40	40	道具_凌然天风	0	1	40	1	0	1	0
2274	0.5	0.5	道具_凌然天风gcd	0	1	0.5	1	0	1	0
2275	60	60	道具_极乐引cd	0	1	60	1	0	1	0
2276	30	30	道具_踏星行cd	0	1	30	1	0	1	0
2277	0.5	0.5	渊秘选目标释放判定cd	74	1	0.5	1	0	1	0
2278	30	30	道具_烟雨行	0	1	30	1	0	1	0
2279	60	60	道具_临时飞爪伪传	0	1	60	1	0	1	0
2280	4	4	河阳之战_周贽_换阵CD	12	1	4	0	0	0	0
2281	8	8	河阳之战_周贽_陌刀队技能CD	12	1	8	0	0	0	0
2282	0.2	0.2	醉舞保护cd	9	1	0.2	1	0	1	0
2285	70	70	道具_疾电叱羽	0	1	70	1	0	1	0
2286	60	60	道具_天钺鸿蒙	0	1	60	1	0	1	0
2287	25	25	道具_心诤	0	1	25	1	0	1	0
2288	37	37	道具_驭羽乘风	0	1	37	1	0	1	0
2289	50	50	道具_穹隆化生	0	1	50	1	0	1	0
2290	45	45	道具_恻隐龙啸	0	1	45	1	0	1	0
2291	90	90	道具_无间狱	0	1	90	1	0	1	0
2292	60	60	道具_飞刃回转	0	1	60	1	0	1	0
2293	70	70	道具_云栖松	0	1	70	1	0	1	0
2294	30	30	道具_化蝶	0	1	30	1	0	1	0
2295	40	40	道具_毒手玄水	0	1	40	1	0	1	0
2296	20	20	道具_天绝地灭	0	1	20	1	0	1	0
2297	30	30	道具_绿叶蔓生	0	1	30	1	0	1	0
2298	40	40	道具_斩无常	0	1	40	1	0	1	0
2299	10	10	道具_剑破虚空	0	1	10	1	0	1	0
2300	10	10	河阳之战_周通忌_请求投石CD	12	1	10	0	0	0	0
2301	70	70	道具_逐云寒蕊	0	1	70	1	0	1	0
2302	30	30	道具_振翅图南	0	1	30	1	0	1	0
2303	3	3	河阳之战_周贽_长弓技能CD	12	1	3	0	0	0	0
2304	8	8	河阳之战_周贽_长戟阵CD	12	1	8	0	0	0	0
2305	0.8	0.8	河阳之战_马战_左右转技能CD	12	1	0.8	0	0	0	1
2306	1	1	河阳之战_马战_左右砍技能CD	12	1	1	0	0	0	1
2307	1	1	河阳之战_马战_加速技能CD	12	1	1	0	0	0	1
2308	60	60	随机花盒	46	1	60	1	0	0	0
2309	2	2	河阳之战_阿阁诺_投石CD	12	1	2	0	0	0	0
2310	40	40	忘攸蛊	9	1	40	1	0	1	1
2311	0.5	0.5	忘攸蛊保护cd	9	1	0.5	1	0	1	0
2312	30	30	神机锁定	10	1	30	1	0	1	1
2313	0.5	0.5	神机锁定保护cd	10	1	0.5	1	0	0	0
2314	12	12	高山流水20秒进调息	69	1	12	1	0	1	0
2315	25	25	汇神合极	10	1	25	1	0	1	0
2316	3	3	汇神合极二段	10	1	3	1	0	1	0
2317	3	3	知微移灯共CD	76	1	3	1	0	1	0
2318	8	8	亢龙有悔CD	7	1	8	1	0	1	0
2319	60	60	古琴cd60s	0	1	60	0	0	0	0
2320	0.8	0.8	折枝拂露GCD	78	1	0.8	1	0	1	0
2321	30	30	泠风解怀	4	1	30	1	0	1	1
2322	5	5	阵云结晦	68	1	5	1	0	1	0
2324	1	1	神龙降世额外伤害内置CD	7	1	1	1	0	1	0
2325	16	16	玉简的疏影横斜cd	69	3	16	1	0	1	1
2326	1	1	忘攸蛊保护cd	9	1	1	1	0	1	0
2330	8	8	徵_流照cd	69	3	8	1	0	1	0
2331	1	1	灵蛇引不占GCD	9	1	1	1	0	1	0
2332	1	1	天蛛引不占GCD	9	1	1	1	0	1	0
2333	1	1	碧蝶引不占GCD	9	1	1	1	0	1	0
2334	1	1	玉蟾引不占GCD	9	1	1	1	0	1	0
2335	1	1	风蜈引不占GCD	9	1	1	1	0	1	0
2336	1	1	圣蝎引不占GCD	9	1	1	1	0	1	0
2337	11	11	书离羽加一秒	69	3	11	1	0	1	1
2338	3	3	游仙物化CD	73	1	3	1	0	1	0
2339	50	50	鸿蒙天禁中性cd	76	1	50	1	0	1	1
2340	30	30	南草cd	78	1	30	1	0	1	1
2341	1.5	1.5	纷纭千斤坠保护cd	5	1	1.5	1	0	1	0
2342	1	1	交易行购买CD	13	1	1	1	0	0	0
2343	600	600	玩具_一起跳舞	46	1	600	1	0	1	0
2344	600	600	玩具_蘑菇汤	46	1	600	1	0	1	0
2345	900	900	捷鹤抛车_使用CD	12	1	900	0	0	0	0
2346	0.5	0.5	车悬阵保护CD	1	1	0.5	1	0	1	0
2347	45	45	杀鸡_红太狼锅cd	0	2	45	1	0	1	0
2348	2	2	杀鸡_狼出刀cd	0	1	2	1	0	1	0
2349	0.5	0.5	杀鸡_羊治疗cd	0	1	0.5	1	0	1	0
2350	1.5	1.5	杀鸡_羊挣扎cd	0	1	1.5	1	0	1	0
2351	60	60	杀鸡_喜羊羊加速cd	0	1	60	1	0	1	0
2352	10	10	杀鸡_美羊羊闪耀cd	0	1	10	1	0	1	0
2353	30	30	杀鸡_暖羊羊美丽心灵cd	0	1	30	1	0	1	0
2354	60	60	杀鸡_灰太狼夹子cd	0	3	60	1	0	1	0
2355	50	50	杀鸡_红太狼平底锅cd	0	2	50	1	0	1	0
2356	5	5	杀鸡_狼命中目标后的cd	0	1	5	1	0	1	0
2357	3	3	杀鸡_狼背人放下保护cd	0	1	3	1	0	1	0
2358	15	15	秋肃商阳15秒	2	1	15	1	0	1	0
2359	3	3	杀鸡_红太狼的锅保护cd	0	1	3	1	0	1	0
2360	3	3	灰太狼夹子保护cd	0	1	3	1	0	1	0
2361	5	5	杀鸡_翻窗CD5秒	0	2	5	1	0	1	0
2362	30	30	易容道具	0	1	30	0	0	0	0
2363	600	600	喜灰变身	0	1	600	0	0	0	0
2364	5	5	杀鸡_换人	0	1	5	1	0	0	0
2365	86400	86400	玄晶加成CD	64	1	86400	0	0	0	0
2366	30	30	端午_腰挂_青云祥临_使用CD	46	1	30	1	0	0	0
2367	5	5	共战江湖	13	1	5	0	0	0	0
2368	0.5	0.5	康宴别轻击一段GCD	79	1	0.5	1	0	1	0
2369	600	600	灰太狼变身	0	1	600	0	0	0	0
2370	2592000	2592000	玄晶遇见次数冷却	64	1	2592000	0	0	0	0
2371	0.625	0.625	康宴别轻击二段GCD	79	1	0.625	1	0	1	0
2372	0.6875	0.6875	康宴别轻击三段GCD	79	1	0.6875	1	0	1	0
2373	0.625	0.625	康宴别轻击四段GCD	79	1	0.625	1	0	1	0
2374	0.875	0.875	康宴别重击一段GCD	79	1	0.875	1	0	1	0
2375	60	60	吃鸡天原绝境破冰cd	0	1	60	0	0	0	0
2376	8	8	康宴别闪避CD	79	3	8	1	0	1	0
2377	10	10	康宴别小技能CD	79	1	10	1	0	1	0
2378	20	20	康宴别绝技CD	79	1	20	1	0	1	0
2379	5	5	藤原佑野_旋转龙头	12	1	5	0	0	0	0
2380	1	1	通用防连击闪避保护CD	79	1	1	1	0	1	0
2381	0.5625	0.5625	沈剑心轻击一段GCD	79	1	0.5625	1	0	1	0
2382	1.125	1.125	沈剑心轻击二段GCD	79	1	1.125	1	0	1	0
2383	0.8125	0.8125	沈剑心轻击三段GCD	79	1	0.8125	1	0	1	0
2384	2.25	2.25	沈剑心重击GCD	79	1	2.25	1	0	1	0
2386	2.3125	2.3125	沈剑心小技能GCD	79	1	2.3125	1	0	1	0
2387	20	20	沈剑心小技能CD	79	1	20	1	0	1	0
2388	20	20	沈剑心绝技CD	79	1	20	1	0	1	0
2389	0.5	0.5	唐小珂轻击一段GCD	79	1	0.5	1	0	1	0
2390	0.875	0.875	唐小珂轻击二段GCD	79	1	0.875	1	0	1	0
2391	1.25	1.25	唐小珂轻击三段GCD	79	1	1.25	1	0	1	0
2392	1.125	1.125	唐小柯重击GCD	79	1	1.125	1	0	1	0
2393	5	5	唐小珂小技能GCD	79	1	5	1	0	1	0
2394	10	10	唐小珂小技能CD	79	1	10	1	0	1	0
2395	5	5	唐小珂绝技GCD	79	1	5	1	0	1	0
2396	25	25	唐小珂绝技CD	79	1	25	1	0	1	0
2397	0.625	0.625	沐晴柔轻击一段GCD	79	1	0.625	1	0	1	0
2398	0.875	0.875	沐晴柔轻击二段GCD	79	1	0.875	1	0	1	0
2399	0.875	0.875	沐晴柔轻击三段GCD	79	1	0.875	1	0	1	0
2400	1	1	沐晴柔重击GCD	79	1	1	1	0	1	0
2401	180	180	首次进入战斗CD	79	1	180	1	0	1	0
2402	2	2	切换角色通用CD	79	1	2	1	0	1	0
2404	20	20	沐晴柔绝技CD	79	1	20	1	0	1	0
2405	10	10	沐晴柔小技能CD	79	1	10	1	0	1	0
2406	2	2	沐晴柔小技能GCD	79	1	2	1	0	1	0
2408	3	3	凝视调息	80	1	3	1	0	1	0
2409	1	1	养成界面操作CD	79	1	1	1	0	1	0
2410	5	5	好感任务查询CD	79	1	5	1	0	1	0
2411	1	1	青川濯莲不占GCD	78	1	1	1	0	1	0
2412	3	3	游泽银光照雪	78	1	3	1	0	1	0
2413	3	3	游泽群体银光照雪	78	1	3	1	0	1	0
2414	65	65	无想反弹CD	5	1	65	1	0	1	0
2415	1	1	技能皮肤切换cd	42	1	1	1	0	1	0
2416	99999999	99999999	提多罗吒_天绝华散曲・黑洞	11	1	99999999	0	0	0	1
2417	10	10	提多罗吒_九音陀罗曲・破镜	11	1	10	0	0	0	1
2418	30	30	回忆录_暗龙火冲	11	1	30	0	0	0	1
2419	30	30	回忆录_红蝠掠影	11	1	30	0	0	0	1
2420	1	1	血龙摆尾_丐帮gcd	11	1	1		0	0	0
2421	600	600	玩具_基佬紫	13	1	600	1	0	1	0
2422	1	1	指令CD	79	1	1	1	0	1	0
2423	1.5	0	纷绞势CD	80	1	1.5	1	0	1	0
2424	12	12	顾应式CD	80	1	12	1	0	1	1
2425	20	20	疾电式CD	80	1	20	1	0	1	1
2426	35	35	纳刀反击CD	80	1	35	1	0	1	1
2428	2	2	山寨安小逢普攻	0	1	2	1	0	0	0
2429	60	60	山寨安小逢召唤水鬼	0	1	60	1	0	0	0
2430	40	40	山寨安小逢追人	0	1	40	1	0	0	0
2431	40	40	山寨安小逢召唤圈	0	1	40	1	0	0	0
2432	10	10	山寨安小逢面向aoe	0	1	10	1	0	0	0
2433	12	12	破浪二式CD	80	1	12	1	0	1	1
2434	30	30	门派轻功CD	80	1	30	1	0	1	1
2435	120	120	道具_花语酥心	0	1	120	1	0	1	0
2436	1.5	0	单刀GCD	80	1	3		0	0	0
2437	1.5	0	擒拿GCD	80	1	3		0	0	0
2438	45	45	洗兵雨CD	80	1	45	1	0	1	1
2439	90	90	伪传_甘霖	0	1	90	1	0	1	0
2440	45	45	伪传_雷神扫射	0	1	45	1	0	1	0
2441	30	30	触石雨CD	80	1	30	1	0	1	1
2442	300	300	伪传_内满	0	1	300	1	0	0	0
2443	50	50	山寨安小逢_跳舞cd	0	1	50	1	0	0	0
2444	40	40	山寨安小逢_走火入魔	0	1	40	1	0	0	0
2445	1	1	828钩锁CD	13	1	1	1	0	1	0
2446	40	40	伪传_月铳	0	1	40	1	0	1	0
2447	75	75	伪传_强力磁铁	0	1	75	1	0	1	0
2448	30	30	伪传_这就是狼牙	0	1	30	1	0	1	0
2449	90	90	伪传_血染春秋	0	1	90	1	0	1	0
2450	60	60	伪传_断长生	0	1	60	1	0	1	0
2451	90	90	伪传_御海刀	0	1	90	1	0	1	0
2452	600	600	时光宝石10minCD	0	1	600	1	0	0	0
2453	20	20	山寨安小逢_技能gcd	0	1	20	1	0	0	0
2454	15	15	山寨安小逢_踹人cd	0	1	15	1	0	0	0
2455	0.5	0.5	凝神式保护CD	80	1	0.5	1	0	0	0
2456	600	600	浩气绘影CD	13	1	600	1	0	1	0
2457	600	600	恶人绘影CD	13	1	600	1	0	1	0
2458	1800	1800	中秋活动_月饼烘烤箱30分钟	46		1800		0	0	0
2459	6	6	留客雨CD	80	1	6	1	0	1	1
2460	6	6	拔剑_6s保护CD	3	1	6	1	0	1	0
2461	20	20	灭影追风CD	80	1	20	1	0	1	1
2462	50	50	游风飘踪CD	80	2	50	1	0	1	1
2464	45	45	剑道万象CD	3	1	45	1	0	1	0
2465	25	25	刀宗打断CD	80	1	25	1	0	1	1
2466	30	30	门派轻功充能CD	80	2	30	1	0	1	1
2467	45	45	奇穴斩杀CD	80	1	45	1	0	1	1
2468	5	5	额外乱天狼	74	1	5	1	0	1	0
2469	0.5	0.5	游风飘踪保护CD	80	1	0.5	1	0	0	0
2470	25	25	合璧知意cd25秒	4	1	25	1	0	1	0
2473	15	15	宠物GCD	9	1	15	1	0	1	0
2474	30	30	祭血关山	68	1	30	1	0	1	0
2475	70	70	落子无悔	2	1	70	1	0	1	0
2476	30	30	千机连环	10	2	30	1	0	1	0
2477	30	30	寂灭蛊	9	1	30	1	0	1	0
2478	1.2	1.2	门派轻功保护CD	80	1	1.2	1	0	0	0
2479	20	20	剑引龙泉	6	1	20	1	0	1	0
2480	40	40	清净心CD	8	1	40	1	0	1	1
2481	50	50	韶景飘芳	4	1	50	1	0	1	0
2482	0.25	0.25	破招子技能gcd	11	1	0.25	1	0	1	0
2483	75	75	孔雀引	9	1	75	1	0	1	1
2484	40	40	尽典刑	74	1	40	1	0	1	0
2485	18	18	逆火	76	2	18	1	0	1	1
2486	15	15	将临阵	1	1	15	1	0	1	1
2487	30	30	肃羽母技能CD	78	1	30	1	0	1	0
2488	30	30	展屏CD	9	1	30	1	0	1	0
2489	30	30	应理与药	78	1	30	1	0	1	0
2490	120	120	暗度・怒锋倾涛	74	1	120	1	0	1	0
2491	15	15	铸兵	6	3	15	1	0	1	1
2492	25	25	丢棍子表面CD	5	1	25	1	0	1	0
2493	0.5	0.5	丢棍子实际CD	5	1	0.5	1	0	1	0
2494	0.25	0.25	破招子技能gcd2	11	1	0.25	1	0	1	0
2495	20	20	蓄力射箭	1	1	20	1	0	1	1
2496	12	12	横云断浪充能CD	80	2	12	1	0	1	1
2497	40	40	西津渡_刘展_射手援助	12	1	40	0	0	0	0
2498	5	5	跨服野外神行CD	13	1	5		0	0	0
2499	25	25	诡鉴冥微	10	2	25	1	0	1	0
2500	40	40	青霄化羽	69	1	40	1	0	1	0
2501	15	15	扬刀激尘	71	1	15	1	0	1	1
2502	1.5	1.5	百战通用gcd	11	1	1.5		0	0	0
2503	0.5	0.5	疾电势保护CD	80	1	0.5	1	0	0	0
2504	20	20	西津渡_韩敬青前冲锋CD	12	1	20	0	0	0	0
2505	20	20	西津渡_韩敬青后冲锋CD	12	1	20	0	0	0	0
2506	20	20	西津渡_韩敬青左冲锋CD	12	1	20	0	0	0	0
2507	20	20	西津渡_韩敬青右冲锋CD	12	1	20	0	0	0	0
2508	2	2	西津渡_韩敬请冲锋GCD	12	1	2	0	0	0	0
2509	60	60	泽风同承CD	80	1	60	1	0	1	1
2510	600	600	玩具_四联装竹筒烟花	46	1	600	1	0	1	0
2511	2	2	玩具_烟花使用CD2S	46	1	2	1	0	0	0
2512	10	10	120级橙戒cd十秒	42	1	10	1	0	1	0
2513	8	8	额外隐风雷cd	74	1	8	1	0	1	0
2514	0.5	0.5	诡鉴冥微保护CD	10	1	0.5	1	0	1	0
2515	10	10	大附魔腰带治疗	42	1	10	1	0	1	0
2516	25	25	大附魔护手T	42	1	25	1	0	1	0
2517	10	10	大附魔鞋子dps	42	1	10	1	0	1	0
2518	50	50	离经橙武主动cd	2	1	50	0	0	0	0
2519	1	1	合璧知意 1秒公共调息	4	1	1	1	0	1	0
2520	1	1	祭血关山一秒保护cd	68	1	1	1	0	1	0
2521	0.5	0.5	双隐风雷保护cd	74	1	0.5	1	0	1	0
2522	0.25	0.25	祝由保护cd	76	1	0.25	1	0	1	0
2523	172800	172800	小铁包使用CD	13	1	172800	0	0	0	0
2524	0.5	0.5	拭剑宝箱斩杀特效	13	1	0.5	0	0	0	0
2525	50	50	灵素橙武主动CD	78	1	50	1	0	1	0
2526	50	50	奶歌主动cw	69	1	50	0	0	0	0
2527	50	50	奶毒橙武主动cd	9	1	50	0	0	0	0
2528	15	15	蓬莱吃鸡地图点地物化内置cd	73	1	15	1	0	1	0
2529	25	5	芙蓉并蒂加速cd	2	1	25	1	0	1	1
2530	50	50	奶秀cwCD	4	1	50	0	0	0	0
2531	50	50	120奶心法橙武主动效果CD50s	42	1	50		0	0	0
2532	1	1	剧本杀搜查CD	13	1	1	0	0	0	0
2533	900	900	据点贸易镖头查询间隔	13	1	900	0	0	0	0
2534	5	5	外装通用cd5s	0	1	5	0	0	0	0
2535	15	15	镖人联动刀马_斧流星	0	1	15	1	0	1	0
2536	1	1	女娲补天不占GCD	9	1	1	1	0	1	0
2537	15	15	镖人联动刀马_斧流星充能	0	2	15	1	0	1	0
2539	1.5	1.5	镖人联动_刀马GCD	0	1	1.5	0	0	0	0
2540	3	3	镖人联动_刀马大刀GCD	0	1	3	0	0	0	0
2541	1	1	镖人联动_刀马斧流星gcd	0	1	1	0	0	0	0
2542	15	15	镖人联动_刀马切武器cd	0	1	15	0	0	0	0
2543	60	60	镖人联动_刀马大招cd	0	1	60	0	0	0	0
2544	12	12	镖人联动_刀马招架cd	0	1	12	0	0	0	0
2545	10	10	镖人联动_刀马大刀挥砍cd	0	1	10	0	0	0	0
2546	10	10	枪法蝮蛇	11	1	10	0	0	0	1
2547	10	10	牡丹_毒指功	11	1	10	0	0	0	1
2548	10	10	镖人联动_竖踏步cd	0	1	10	0	0	0	0
2549	24	24	镖人联动_竖刀舞cd	0	1	24	0	0	0	0
2550	90	90	镖人联动_竖大招cd	0	1	90	0	0	0	0
2551	10	10	镖人联动_竖踏步充能cd	0	2	10	0	0	0	0
2552	1	1	镖人联动_竖踏步充能保护cd	0	1	1	0	0	0	0
2553	300	300	背挂_蚀木5分钟CD	13	1	300	0	0	0	0
2554	15	15	浪客行挂件_茶碗	0	1	15	1	0	1	0
2555	10	10	镖人联动_燕子娘暗影步	0	1	10	0	0	0	0
2556	12	12	镖人联动_阿育娅钻心	0	1	12	0	0	0	0
2557	30	30	镖人联动_阿育娅速射	0	1	30	0	0	0	0
2558	30	30	镖人联动_阿育娅大招	0	1	30	0	0	0	0
2559	12	12	镖人联动_阿育娅充能钻心	0	2	12	0	0	0	0
2560	5	5	指挥报名CD	13	1	5	0	0	0	0
2561	30	30	节日冬至不愧君	46	1	30	1	0	1	0
2562	30	30	节日冬至孤锋破浪	46	1	30	1	0	1	0
2563	180	180	镖人联动_吃鸡道具cd	0	1	180	1	0	1	0
2564	120	120	节日冬至驿道	46	1	120	1	0	1	0
2567	3600	3600	跑商货物兑换	62	1	3600	0	0	0	0
2568	600	600	外装雪人cd10分钟	0	1	600	0	0	0	0
2569	60	60	称号转特效用60秒CD	49	1	60	0	0	0	0
2570	1	1	镖人联动_竖专属强化公共cd	0	1	1	0	0	0	0
2571	20	20	新建饺子宴20秒cd	0	1	20		0	0	0
2572	10	10	查询中间件的CD10S	13	1	10	0	0	0	0
2573	10	10	捞锦鲤10sCD	13	1	10	1	0	0	0
2574	600	600	自贡灯会小吃10mincd	0	1	600		0	0	0
2575	5	5	撒饵料5sCD	13	1	5	1	0	1	0
2576	600	600	神福符10mincd	13	1	600		0	0	0
2577	10	10	华鹤炎_冲炎枪	11	1	10	0	0	0	1
2578	0.5	0.5	李星云轻击一段GCD	79	1	0.5	1	0	1	0
2579	0.5	0.5	李星云轻击二段GCD	79	1	0.5	1	0	1	0
2580	0.5	0.5	李星云轻击三段GCD	79	1	0.5	1	0	1	0
2581	5	5	李星云重击GCD	79	1	5	1	0	1	0
2582	0.5	0.5	李星云华阳针CD	79	1	0.5	1	0	1	0
2583	45	45	奶花召唤阿甘	2	1	45	1	0	1	1
2584	90	90	李星云绝技CD	79	1	90	1	0	1	0
2585	10	10	不良人联动外装cd10s	0	1	10	0	0	0	0
2586	30	30	腰挂_不良人联动_不良旗_使用CD	46	1	30	1	0	0	0
2587	10800	10800	声望统计3小时CD	13	1	10800	0	0	0	0
2589	17	17	奶花轻燕太阴指	2	2	17	1	0	1	1
2590	40	40	日月影CD	8	1	40	1	0	1	0
2591	14	14	奇穴生死劫CD	8	1	14	1	0	1	0
2592	0.85	0	凝形期间追命CD	10	1	0.85	1	0	1	0
2593	18	18	万能弩箭	10	1	18	1	0	1	0
2594	30	30	万能弩箭百里	10	1	30	1	0	1	0
2595	35	35	万能弩箭凝形	10	1	35	1	0	1	0
2596	35	35	万能弩箭流火	10	1	35	1	0	1	0
2597	7	7	极本溯源cd	8	1	7	0	0	0	0
2598	1	1	碧水二段保护cd	2	1	1	1	0	1	0
2599	1	1	无为额外大道CD	3	1	1	1	0	1	0
2600	40	40	新局针	2	1	40	1	0	1	0
2601	0.32	0.32	武狱黑牢_翁幼之_心牢GCD	12	1	0.32	1	0	0	0
2602	3	3	额外乘龙箭cd	1	1	3	1	0	1	0
2603	50	50	娲皇赐恩	9	1	50	1	0	1	0
2604	5	5	侠客外观取回CD5s	13	1	5	0	0	0	0
2605	1	1	业火麟光保护cd	68	1	1	1	0	1	0
2606	60	60	怀泽蛊	9	1	60	1	0	1	0
2607	60	60	业火麟光_主动技能调息	68	1	60	1	0	1	0
2608	9	9	破釜沉舟不透支	71	1	9	1	0	1	1
2609	60	60	正律和鸣	69	1	60	1	0	1	0
2610	24	24	白衣苍狗	7	1	24	1	0	1	0
2611	30	30	荧惑守心CD	76	1	30	1	0	1	0
2612	5	5	背挂_清明乌木火弓_搓火_使用CD	46	1	5	0	0	0	0
2613	30	30	背挂_清明乌木火弓_传火_使用CD	46	1	30	0	0	0	0
2614	1	1	持厄保护cd	78	1	1	1	0	1	0
2615	10	10	体型切换	13	1	10	0	0	0	0
2616	600	600	玩具_雪花飘飘10分钟CD	13	1	600	1	0	1	0
2617	60	60	洱海绝境_飞爪	0	3	60	0	0	0	0
2618	20	20	走墙透支	71	1	20	1	2	1	1
2619	0.25	0.25	月嘉禾轻击一段GCD	79	1	0.25	1	0	1	0
2620	0.5	0.5	月嘉禾轻击二段GCD	79	1	0.5	1	0	1	0
2621	0.5	0.5	月嘉禾轻击三段GCD	79	1	0.5	1	0	1	0
2622	2	2	月嘉禾重击GCD	79	1	2	1	0	1	0
2623	10	10	月嘉禾小技能CD	79	1	10	1	0	1	0
2624	1	1	月嘉禾小技能GCD	79	1	1	1	0	1	0
2625	20	20	月嘉禾绝技CD	79	1	20	1	0	1	0
2626	10	10	星流掠夜天女散花CD	10	1	10	1	0	1	0
2627	4	4	楚州躲避球前冲	11	1	4	1	0	1	0
2628	4	4	楚州躲避球左跃	11	1	4	1	0	1	0
2629	4	4	楚州躲避球右进	11	1	4	1	0	1	0
2630	1	1	洱海绝境_飞爪保护cd	0	1	1	0	0	0	0
2631	1	1	横断保护cd	71	1	1	1	0	1	0
2632	1	1	散流霞保护cd	71	1	1	1	0	1	0
2633	4	4	江海凝光4秒cd	4	1	4	1	0	1	0
2634	9	9	江海凝光9秒cd充能两层	4	2	9	1	0	1	0
2635	60	60	玩具躲猫猫	0	1	60	0	0	0	0
2636	15	15	玩具_象心灵犀15s公CD	13	1	15	1	0	0	0
2637	7	7	拭剑宝箱斩杀发表情	13	1	7	0	0	0	0
2638	1.5	1.5	武狱黑牢_投掷CD	12	1	1.5	0	0	0	0
2639	40	40	吃鸡天策马不充能	0	1	40	1	0	1	1
2640	30	30	阿基修斯_鲨之息	11	1	30	0	0	0	0
2641	10	10	钱南撰_三个铜钱	11	1	10	0	0	0	0
2642	10	10	钱南撰_物超所值	11	1	10	0	0	0	0
2643	30	30	钱南撰_乾坤一掷	11	1	30	0	0	0	1
2644	60	60	殷不为_蛮熊碎颅击	11	1	60	0	0	0	0
2645	10	10	猿飞菖蒲_水遁水流闪	11	1	10	0	0	0	0
2646	60	60	钱南撰_疯狂疾走	11	1	60	0	0	0	0
2647	60	60	钱南撰_角抵技巧	11	1	60	0	0	0	0
2648	30	30	钱宗龙_顽抗	11	1	30	0	0	0	1
2649	30	30	腰挂请君一战CD	13	1	30	0	0	0	0
2650	900	900	团队近战拉人15min	13	1	900		0	0	0
2651	10	10	霸刀斩无常六层透支	71	1	10	1	6	1	0
2652	0.25	0.25	贺闲轻击一段gcd	79	1	0.25	1	0	1	0
2653	0.5	0.5	贺闲轻击二段gcd	79	1	0.5	1	0	1	0
2654	0.5	0.5	贺闲轻击三段gcd	79	1	0.5	1	0	1	0
2655	1	1	贺闲小技能gcd	79	1	1	1	0	1	0
2656	11	11	仙鹿盒子pst01	0	1	11	0	0	0	0
2657	5	5	吃鸡列宿游5秒cd	0	1	5	1	0	1	0
2658	5	5	小火车_技能CD	75	1	5	0	0	0	0
2659	300	300	虹猫蓝兔_主城听琴	46	1	300	0	0	0	0
2660	30	30	九天浪CD	0	1	30	1	0	1	0
2661	5	5	机关传送CD5s	75	1	5	0	0	0	0
2662	600	600	玩具蝠王翼	13	1	600	0	0	0	0
2663	300	300	玩具西瓜刀	13	1	300	0	0	0	0
2664	30	30	方宇谦_归潮长生法	11	1	30	0	0	0	1
2670	3	3	织天额外圣手	9	1	3	1	0	1	0
2671	30	30	2023端午挂件	0	1	30	1	0	1	0
2672	5	5	NPC对话CD5秒	46	1	5	1	0	1	0
2673	20	20	贺闲绝技cd	79	1	20	1	0	1	0
2674	8	8	贺闲闪避cd	79	3	8	1	0	1	0
2675	10	10	贺闲小技能cd	79	1	10	1	0	1	0
2676	10	10	饮羽簇	82	1	10	1	0	1	0
2677	10	10	霖集簇	82	1	10	1	0	1	0
2678	5	5	白羽流星	82	1	5	1	0	1	0
2679	20	20	空弦惊雁	82	1	20	1	0	1	1
2680	15	15	金乌见坠	82	1	15	1	0	1	1
2681	70	70	伪传_连绵剑	0	1	70	1	0	1	0
2682	5	5	九老洞_画卦象	30	1	5	1	0	0	0
2683	1.125	1.125	贺闲重击gcd	79	1	1.125	1	0	1	0
2684	25	25	澄神醒梦	82	1	25	1	0	1	1
2685	50	50	应天授命	82	1	50	1	0	1	1
2686	50	50	昌寿承云	82	1	50	1	0	1	1
2688	3	3	2023828GC调用3s	0	1	3	0	0	0	0
2689	60	60	汇灵合契	82	1	60	1	0	1	1
2690	21	21	引风唤灵	82	1	21	1	0	1	1
2691	50	50	召律应音	82	1	50	1	0	1	1
2692	40	40	朝仪万汇	82	1	40	1	0	1	0
2693	30	30	白虹贯日	82	1	30	1	0	1	0
2694	10	10	召唤兽存在时间CD	82	1	10	1	0	1	0
2695	10	10	2023828传送CD	46	1	10	0	0	0	0
2696	0.5	0.5	收链保护cd	74	1	0.5	1	0	1	0
2697	5	5	归平野	82	1	5	1	0	1	0
2698	15	15	汇山岚	82	1	15	1	0	1	1
2699	15	15	聚长川	82	1	15	1	0	1	0
2700	1	1	缴械期间1秒gcd	5	1	1	1	0	1	0
2701	1	1	收棍子gcd	5	1	1	1	0	1	0
2702	10	10	援戈盾击	68	4	10	1	0	1	1
2703	30	30	岚微香馥	78	1	30	1	0	1	0
2704	15	15	腾云	82	1	15	1	0	1	0
2705	30	30	六幺有兆	3	1	30	1	0	1	0
2706	29	29	流迟彼针cd	2	1	29	1	0	1	1
2707	0.5	0.5	合神追加保护CD	82	1	0.5	1	0	1	0
2708	15	15	金乌见坠3层充能	82	3	15	1	0	1	0
2709	30	30	化蓝为蓝	82	1	30	1	0	1	0
2710	50	50	雾霭纤流	4	1	50	1	0	1	0
2711	1	1	金乌见坠保护cd	82	1	1	1	0	1	0
2712	15	15	腾云充能	82	2	15	1	0	1	0
2713	50	50	涉野徙林	82	1	50	1	0	1	0
2714	25	25	犹解倒悬	78	2	25	1	0	1	0
2715	25	25	停辛伫苦	78	2	25	1	0	1	0
2716	1	1	洞彻九宫标记敌人1防止重复内置cd	76	1	1	1	0	1	0
2717	1	1	洞彻九宫标记敌人2防止重复内置cd	76	1	1	1	0	1	0
2718	1800	1800	风宿帷天	82	1	1800	1	0	1	0
2719	15	15	山岳乘风	6	1	15	1	0	1	0
2720	80	80	光明相充能	8	2	80	1	0	1	1
2721	15	15	蚀裂崩催15秒cd	10	1	15	1	0	1	0
2722	4	4	星合的往者定	76	1	4	1	0	1	0
2723	30	30	赴尘劫	74	1	30	1	0	1	0
2724	1	1	尘劫保护cd	74	1	1	1	0	1	0
2725	3	3	额外千斤坠	5	1	3	1	0	1	0
2726	0.5	0.5	任驰骋2段保护cd	1	1	0.5	1	0	1	0
2727	30	30	暗度・白虹贯日	74	1	30	1	0	1	0
2729	5	5	罗小黑放嘿咻cd	0	1	5	1	0	1	0
2731	15	15	汇山岚充能CD	82	2	15	1	0	1	0
2732	600	600	玩具_旧妆奁10分钟	46	1	600	1	0	1	0
2733	120	120	万灵JJC三件套表现CD	13	1	120	0	0	0	0
2736	9	9	费大劲嘲讽cd	79	1	9	1	0	1	0
2737	60	60	九老洞_龙须幼苗60秒CD	30	1	60	1	0	0	0
2738	5	5	九老洞_增益道具5秒CD	30	1	5	1	0	0	0
2739	300	300	九老洞_金樱子5分钟CD	30	1	300	1	0	0	0
2740	300	300	九老洞_龙精甘露5分钟CD	30	1	300	1	0	0	0
2741	300	300	九老洞_龙精果实5分钟CD	30	1	300	1	0	0	0
2742	300	300	九老洞_青林笋5分钟CD	30	1	300	1	0	0	0
2744	30	30	摧城车_碎空石	65	1	30		0	0	0
2745	40	40	抓马无敌内置CD	13	1	40	0	0	0	0
2746	300	300	要挂_冥渊剑5分钟	13	1	300	0	0	0	0
2747	0.5	0.5	银光照雪保护内置cd	78	1	0.5	1	0	1	0
2748	10	10	范围千丝CD	9	1	10	1	0	1	1
2749	1	1	犹解倒悬的内置cd	78	1	1	1	0	1	0
2750	60	60	重阳玩具_撒枫叶	46	1	60	1	0	0	0
2751	10	10	罗小黑冲刺cd	0	1	10	1	0	1	0
2752	1	1	香繁饮露内置cd	78	1	1	1	0	1	0
2753	1	1	狮啸保护cd	5	1	1	1	0	1	0
2754	1	1	横扫保护cd	5	1	1	1	0	1	0
2755	5	5	装备提品道具使用CD	0	1	5	0	0	0	0
2756	0.125	0.125	切换宠物保护cd	82	1	0.125	1	0	1	0
2757	1	1	罗小黑蒲公英技能cd	0	1	1	1	0	1	0
2758	10	10	罗小黑冲刺充能cd	0	2	10	1	0	1	0
2759	0.5	0.5	眷思二段盾保护cd	9	1	0.5	1	0	0	0
2760	2	2	白羽流星CD	82	1	2	1	0	1	0
2761	30	30	背挂_幻月30sCD	13	1	30	0	0	0	0
2762	300	300	幽馥引更换外观CD	13	1	300	0	0	0	0
2764	300	300	幽馥引更换外观CD2	13	1	300	0	0	0	0
2765	300	300	幽馥引更换外观CD3	13	1	300	0	0	0	0
2766	300	300	幽馥引更换外观CD4	13	1	300	0	0	0	0
2767	300	300	幽馥引更换外观CD5	13	1	300	0	0	0	0
2786	60	60	喷漆cd	0	1	60	1	0	1	0
7016	1	1	门派技能1秒	30		1	1	0	1	
7017	1.5	1.5	门派技能1.5秒	30		1.5	1	0	1	
7018	2	2	门派技能2秒	30		2	1	0	1	
7019	3	3	门派技能3秒	30		3	1	0	1	
7020	4	4	门派技能4秒	30		4	1	0	1	
7021	4.5	4.5	门派技能4.5秒	30		4.5	1	0	1	
7022	2.5	2.5	门派技能2.5秒	30		2.5	1	0	1	
7023	7	7	特殊技能_潭	30		7	1	0	1	
7024	5	5	特殊技能_闪	30		5	1	0	1	
7025	30	30	特殊技能_急	30		30	1	0	1	
7026	5	5	特殊技能_避	30		5	1	0	1	
7027	8	8	特殊技能_连	30		8	1	0	1	
7028	8	8	特殊技能_甩尾	30		8	1	0	1	
7029	15	15	特殊技能_幻	30		15	1	0	1	
7030	40	40	特殊技能_植	30		40	1	0	1	
7031	18	18	特殊技能_壁	30		18	1	0	1	
7032	10	10	特殊技能_坠	30		10	1	0	1	
7033	10	10	特殊技能_贯	30		10	1	0	1	
7034	25	25	特殊技能_钟	30		25	1	0	1	
7035	20	20	特殊技能_场	30		20	1	0	1	
7036	6	6	特殊技能_燃烧	30		6	1	0	1	
7037	15	15	特殊技能_风	30		15	1	0	1	
7038	18	18	特殊技能_月	30		18	1	0	1	
7039	12	12	乱	30		12	1	0	1	
7040	25	25	特殊技能_贰	30		25	1	0	1	
7041	3	3	特殊技能_念	30		3	1	0	1	
7042	10	10	特殊技能_品尝	30		10	1	0	1	
7043	15	15	特殊技能_竭	30		15	1	0	1	
7044	60	60	世界技	30		60	1	0	1	
7045	4	4	特殊技能_链	30		4	1	0	1	
7046	20	20	特殊技能_制	30		20	1	0	1	
7047	40	40	绝世技能_百川	30		40	1	0	1	
7048	0.5	0.5	门派技能_0.5秒	30		0.5	1	0	1	
7049	3	3	特殊技能_决	30		3	1	0	1	
7050	3	3	特殊技能_决增强	30		3	1	0	1	
7051	18	18	特殊技能_拂	30		18	1	0	1	
7052	4	4	特殊技能_钧	30		4	1	0	1	
7053	5	5	特殊技能_霆	30		5	1	0	1	
7054	15	15	特殊技能_木	30		15	1	0	1	
7055	30	30	特殊技能_移	30		30	1	0	1	
7056	13	13	特殊技能_弩	30		13	1	0	1	
7057	170	170	五彩石切换cd	42		170	0	0	0	
7058	12	12	特殊技能_阵	30		12	1	0	1	
7059	12	12	特殊技能_乘	30		12	1	0	1	
7061	0.5	0.5	特殊技能_移	30		0.5	1	0	1	
7062	5	5	门派技能5秒	30		5	1	0	1	
7063	1.5	1.5	绝技GCD	30		1.5	1	0	1	
7064	15	15	特殊技能_怖	30		15	1	0	1	
7067	3	3	亢金龙占用1	30		3	1	0	1	
7068	20	20	心月狐1	30		20	1	0	1	
7069	20	20	心月狐2	30		20	1	0	1	
7070	20	20	心月狐3	30		20	1	0	1	
7071	16	16	心月狐4	30		16	1	0	1	
7072	10	10	房日兔1	30		10	1	0	1	
7073	10	10	房日兔2	30		10	1	0	1	
7074	12	12	房日兔3	30		12	1	0	1	
7075	6	6	氐土貉1	30		6	1	0	1	
7076	12	12	氐土貉2	30		12	1	0	1	
7077	14	14	氐土貉3	30		14	1	0	1	
7078	15	15	 角木蛟1	30		15	1	0	1	
7079	15	15	 角木蛟2	30		15	1	0	1	
7080	10	10	 角木蛟3	30		10	1	0	1	
7081	7	7	尾火虎1	30		7	1	0	1	
7082	5	5	尾火虎2	30		5	1	0	1	
7083	1.5	1.5	特殊招式_陌_公告调息	30		1.5	1	0	1	
7085	20	20	特殊技能_破	30		20	1	0	1	
