SkillID	Level	IconID	Show	CombatShow	Formation	FormationCaster	PracticeID	SortOrder	CommonUse	Remark	Name	Desc	ShortDesc	SpecialDesc	KungfuDesc	HelpDesc	IsShowInNewSkill	CanDrag	SkillRelyOnShow	SkillRelyOnNotShow	IsShowNotLearn	IsHotkeyExitWhenForget	Buff	Debuff	BlackList	SimpleDesc	AutoSelectTarget	Decoration	nInterruptIcon	nOTActionShowType
0	0	13	1	1	0	0	0	1		(0) Default		测试技能					1	1			1				0					
40	1										盾刀・悟																			
41	1										盾刀・悟																			
42	1										盾击・悟・贰式																			
43	1										盾击・悟・叁式																			
100003	0	0	0	0	0	0	0	1		(100003) 移动端_三环套月	三环套月・悟	1		剑锋三现，虚实难辨。			0	0			0	0				攻击技，对目标造成外功伤害。	0			
100004	1		0	0	0	0				(100004) 移动端_扶摇	扶摇直上・悟						0					0					0			
100005	1		0	0	0	0				(100005) 移动端_蹑云逐月	蹑云逐月・悟						0					0					0			
100008	0		0	0	0	0				(100008) 移动端_三环套月_贰式	三环套月・悟						0					0					0			
100009	0		0	0	0	0				(100009) 移动端_太虚剑意_技能	太虚剑意・悟						0					0					0			
100010	0	0	1	1	0	0	0	1		(100010) 移动端_无我无剑	无我无剑・悟	无我无剑				攻击技，对目标造成伤害	1	1			1	0			0		0			
100011	0		0	0	0	0				(100011) 移动端_无我无剑_贰式	无我无剑・悟						0					0					0			
100012	0		0	0	0	0				(100012) 移动端_吞日月	吞日月・悟						0					0					0			
100013	0		0	0	0	0				(100013) 移动端_人剑合一	人剑合一・悟						0					0					0			
100014	0		0	0	0	0				(100014) 移动端_八荒归元_贰式	八荒归元・悟						0					0					0			
100015	0		0	0	0	0				(100015) 移动端_行剑千风	行剑千风・悟						0					0					0			
100016	0		0	0	0	0				(100016) 移动端_惊天道	惊天道・悟						0					0					0			
100017	0		0	0	0	0				(100017) 移动端_碎星辰	碎星辰・悟						0					0					0			
100018	0		0	0	0	0				(100018) 移动端_紫气西迈	紫气西迈・悟						0					0					0			
100019	0		0	0	0	0				(100019) 移动端_万剑归宗	万剑归宗・悟						0					0					0			
100020	0		0	0	0	0				(100020) 移动端_八荒归元	八荒归元・悟						0					0					0			
100021	0		0	0	0	0				(100021) 移动端_吞日月_贰式	吞日月・悟						0					0					0			
100022	0		0	0	0	0				(100022) 移动端_坐忘离形	坐忘离形・悟						0					0					0			
100024	0	0	1	1	0	0	0	1		(100024) 移动端_傲血_穿云	穿云・悟	对目标造成100%的武器伤害外加<SUB 18207 0>外功伤害。	外加外功伤害：提高到<SKILL PhysicsDamage>点(+<SKILLEx {D0} {SkillPhysicsAP}>)。			攻击技	1	1			1	0			0	攻击技，对目标造成伤害并获得战意。	1			
100025	0		0	0	0	0				(100025) 移动端_傲血_雷行	雷行・悟						0					0					0			
100026	0		0	0	0	0				(100026) 移动端_傲血战意_技能	傲血战意・悟						0					0					0			
100027	0		0	0	0	0				(100027) 移动端_傲血_龙吟	龙吟・悟						0					0					0			
100028	0		0	0	0	0				(100028) 移动端_傲血_突	突・悟						0					0					0			
100029	0		0	0	0	0				(100029) 移动端_傲血_龙牙	龙牙・悟						0					0					0			
100030	0		0	0	0	0				(100030) 移动端_傲血_任驰骋	任驰骋・悟						0					0					0			
100031	0		0	0	0	0				(100031) 移动端_傲血_霹雳	霹雳・悟						0					0					0			
100032	0		0	0	0	0				(100032) 移动端_傲血_沧月	沧月・悟						0					0					0			
100033	0		0	0	0	0				(100033) 移动端_傲血_破坚阵	破坚阵・悟						0					0					0			
100034	0		0	0	0	0				(100034) 移动端_傲血_战八方	战八方・悟						0					0					0			
100035	0		0	0	0	0				(100035) 移动端_傲血_力破万钧	力破万钧・悟						0					0					0			
100036	0		0	0	0	0				(100036) 移动端_傲血_破重围	破重围・悟						0					0					0			
100037	0		0	0	0	0				(100037) 移动端_花间游_普攻	花间游・悟						0					0					0			
100038	0		0	0	0	0				(100038) 移动端_快雪时晴	快雪时晴・悟						0					0					0			
100039	0		0	0	0	0				(100039) 移动端_阳明指	阳明指・悟						0					0					0			
100041	0		0	0	0	0				(100041) 移动端_兰摧玉折	兰摧玉折・悟						0					0					0			
100043	0		0	0	0	0				(100043) 移动端_玉石俱焚	玉石俱焚・悟						0					0					0			
100044	0		0	0	0	0				(100044) 移动端_星楼月影	星楼月影・悟						0					0					0			
100045	0		0	0	0	0				(100045) 移动端_春泥护花	春泥护花・悟						0					0					0			
100046	0		0	0	0	0				(100046) 移动端_太阴指	太阴指・悟						0					0					0			
100047	0		0	0	0	0				(100047) 移动端_厥阴指	厥阴指・悟						0					0					0			
100048	0		0	0	0	0				(100048) 移动端_芙蓉并蒂	芙蓉并蒂・悟						0					0					0			
100049	0		0	0	0	0				(100049) 移动端_南风吐月	南风吐月・悟						0					0					0			
100050	0		0	0	0	0				(100050) 移动端_水月无间	水月无间・悟						0					0					0			
100051	0		0	0	0	0				(100051) 移动端_乱洒青荷	乱洒青荷・悟						0					0					0			
100053	0	425	0	0	0	0	0	1		(100053) 移动端_易筋经_心法	易筋经・悟	少林至高绝学，修炼同时调息五脏六腑，奇经八脉，使精神、形体和气息结合起来。					0	0			0	0					0			
100069	0	429	0	0	0	0	0	2		(100069) 移动端_洗髓经_心法	洗髓经・悟	少林绝学，为先天内功，运驭真气在体内循回而不息，洗清体内一切秽恶。					0	0			0	0					0			
100076	0		0	0	0	0				(100076) 移动端_太极无极	太极无极・悟						0					0					0			
100077	0		0	0	0	0				(100077) 移动端_四象轮回	四象轮回・悟						0					0					0			
100078	0		0	0	0	0				(100078) 移动端_紫霞功_技能	紫霞功・悟						0					0					0			
100079	0		0	0	0	0				(100079) 移动端_两仪化形	两仪化形・悟						0					0					0			
100080	0		0	0	0	0				(100080) 移动端_气破鸿蒙	气破鸿蒙・悟						0					0					0			
100081	0		0	0	0	0				(100081) 移动端_六合独尊	六合独尊・悟						0					0					0			
100082	0		0	0	0	0				(100082) 移动端_镇山河	镇山河・悟						0					0					0			
100084	0	894	1	1	0	0	0	1		(100084) 移动端_回雪飘摇	回雪飘摇・悟	需“名动四方”触发的剑舞状态，并需持续运功，3秒内每秒使友方目标气血值回复<SUB 6250 0>。<TALENT 5873 1 会心提高10%，会心效果提高10%><TALENT 5879 1 运功不会被打退，疗伤效果提高10%><TALENT 5887 1 目标身上每存在一个持续疗伤效果，疗伤效果提高25%><TALENT 5888 1 能够对目标周围8尺内的额外2个目标作用><TALENT 2732 3 会心几率提高6%><TALENT 18205 1 每0.8秒造成一次治疗成效，持续2.4秒><TALENT 5891 1 “回雪飘摇”每跳使“风袖低昂”调息时间降低1秒><TALENT 24980 1 连续施展“回雪飘摇”命中同一目标4次，自身回复<SUB 26751 1>气血值和10%的内力值，并使招式“王母挥袂”调息时间降低3秒>	气血值恢复：提高到<SUB 6250 0>。	半掩冰帘，绛唇鸣笛。		疗伤技，在一个友方目标受到中等的伤害且仍持续受伤时使用。	1	1			1	0				疗伤技，连续治疗目标。	0			
100086	0		0	0	0	0				(100086) 移动端_回雪飘摇_实际治疗	回雪飘摇・悟						0					0					0			
100087	0		0	0	0	0				(100087) 移动端_五方行尽	五方行尽・悟						0					0					0			
100093	0		0	0	0	0				(100093) 移动端_云裳心经_技能	云裳心经・悟						0					0					0			
100094	0		0	0	0	0				(100094) 移动端_翔鸾舞柳	翔鸾舞柳・悟						0					0					0			
100095	0		0	0	0	0				(100095) 移动端_上元点鬟	上元点鬟・悟						0					0					0			
100096	0		0	0	0	0				(100096) 移动端_风袖低昂	风袖低昂・悟						0					0					0			
100097	0		0	0	0	0				(100097) 移动端_天地低昂	天地低昂・悟						0					0					0			
100098	0		0	0	0	0				(100098) 移动端_雷霆震怒	雷霆震怒・悟						0					0					0			
100099	0		0	0	0	0				(100099) 移动端_婆罗门	婆罗门・悟						0					0					0			
100100	0		0	0	0	0				(100100) 移动端_鹊踏枝	鹊踏枝・悟						0					0					0			
100101	0		0	0	0	0				(100101) 移动端_王母挥袂	王母挥袂・悟						0					0					0			
100102	0		0	0	0	0				(100102) 移动端_九微飞花	九微飞花・悟						0					0					0			
100109	0		0	0	0	0				(100109) 移动端_离经易道_普攻	离经易道・悟						0					0					0			
100110	0		0	0	0	0				(100110) 移动端_握针	握针・悟						0					0					0			
100111	0		0	0	0	0				(100111) 移动端_清风垂露	清风垂露・悟						0					0					0			
100113	0		0	0	0	0				(100113) 移动端_提针	提针・悟						0					0					0			
100114	0		0	0	0	0				(100114) 移动端_长针	长针・悟						0					0					0			
100115	0		0	0	0	0				(100115) 移动端_星楼月影	星楼月影・悟						0					0					0			
100116	0		0	0	0	0				(100116) 移动端_春泥护花	春泥护花・悟						0					0					0			
100117	0		0	0	0	0				(100117) 移动端_厥阴指	厥阴指・悟						0					0					0			
100118	0		0	0	0	0				(100118) 移动端_利针	利针・悟						0					0					0			
100119	0		0	0	0	0				(100119) 移动端_听风吹雪	听风吹雪・悟						0					0					0			
100120	0		0	0	0	0				(100120) 移动端_彼针	彼针・悟						0					0					0			
100121	0		0	0	0	0				(100121) 移动端_大针	大针・悟						0					0					0			
100122	0		0	0	0	0				(100122) 移动端_折叶笼花	折叶笼花・悟						0					0					0			
100177	0	0	1	1	0	0	0	1		(100177) 孟承_扇形aoe	利刃斩风	测试技能					1	1			1	0			0		0			
100185	0	0	1	1	0	0	0	1		(100185) 孟承_猛鬼坠渊	不羁荒流	测试技能					1	1			1	0			0		0			
100186	0	0	1	1	0	0	0	1		(100186) 孟承_恶鬼游身	寒刃游身	测试技能					1	1			1	0			0		0			
100188	0	0	1	1	0	0	0	1		(100188) 孟承_魑鬼荒吐吟唱表现	大道荒吐	测试技能					1	1			1	0			0		0			
100189	0	0	1	1	0	0	0	1		(100189) 孟承_魑鬼荒吐单体伤害	大道荒吐	测试技能					1	1			1	0			0		0			
100190	0	0	1	1	0	0	0	1		(100190) 2号吕一平_地裂震荡	震荡	测试技能					1	1			1	0			0		0			
100191	0	0	1	1	0	0	0	1		(100191) 2号吕一平_沉重锤击吟唱	沉重锤击	测试技能					1	1			1	0			0		0			
100192	0	0	1	1	0	0	0	1		(100192) 2号吕一平_沉重锤击	沉重锤击	测试技能					1	1			1	0			0		0			
100194	0	0	1	1	0	0	0	1		(100194) 2号吕一平_锤音轰鸣吟唱表现	锤音轰鸣	测试技能					1	1			1	0			0		0			
100195	0	0	1	1	0	0	0	1		(100195) 2号吕一平_震山锤风	震山锤风	测试技能					1	1			1	0			0		0			
100196	0	0	1	1	0	0	0	1		(100196) 2号吕一平_震荡单体伤害	震荡	测试技能					1	1			1	0			0		0			
100197	0	0	1	1	0	0	0	1		(100197) 3号奚风_猩红镰舞读条	猩红镰舞	测试技能					1	1			1	0			0		0			
100198	0	0	1	1	0	0	0	1		(100198) 3号奚风_猩红镰舞持续	猩红镰舞	测试技能					1	1			1	0			0		0			
100199	0	0	1	1	0	0	0	1		(100199) 3号奚风_绽血刹羽_放	绽血锋刃	测试技能					1	1			1	0			0		0			
100200	0	0	1	1	0	0	0	1		(100200) 3号奚风_绽血刹羽矩形	绽血锋刃	测试技能					1	1			1	0			0		0			
100201	0	0	1	1	0	0	0	1		(100201) 3号奚风_鲜血品尝	鲜血绽放	测试技能					1	1			1	0			0		0			
100202	0	0	1	1	0	0	0	1		(100202) 3号奚风_鲜血品尝单体伤害	鲜血绽放	测试技能					1	1			1	0			0		0			
100203	0	0	1	1	0	0	0	1		(100203) 3号奚风_血魔斩首	血魔斩首	测试技能					1	1			1	0			0		0			
100204	0	0	1	1	0	0	0	1		(100204) 3号奚风_血魔斩首表现	血魔斩首	测试技能					1	1			1	0			0		0			
100205	0	0	1	1	0	0	0	1		(100205) 3号奚风_鲜血品尝大吟唱	鲜血盛宴	测试技能					1	1			1	0			0		0			
100207	0	0	1	1	0	0	0	1		(100207) 3号奚风_普攻	攻击	测试技能					1	1			1	0			0		0			
100208	0	0	1	1	0	0	0	1		(100208) 3号奚风_绽血刹羽_收	绽血锋刃	测试技能					1	1			1	0			0		0			
100211	0	0	1	1	0	0	0	1		(100211) 3号奚风_普攻_子技能	攻击	测试技能					1	1			1	0			0		0			
100212	0	0	1	1	0	0	0	1		(100212) 场景_玩家摔伤伤害表现	重伤	测试技能					1	1			1	0			0		0			
100215	0	0	1	1	0	0	0	1		(100215) 孟承_扇形aoe	利刃斩风	测试技能					1	1			1	0			0		0			
100223	0	0	1	1	0	0	0	1		(100223) 孟承_猛鬼坠渊	不羁荒流	测试技能					1	1			1	0			0		0			
100224	0	0	1	1	0	0	0	1		(100224) 孟承_恶鬼游身	寒刃游身	测试技能					1	1			1	0			0		0			
100226	0	0	1	1	0	0	0	1		(100226) 孟承_魑鬼荒吐吟唱表现	大道荒吐	测试技能					1	1			1	0			0		0			
100227	0	0	1	1	0	0	0	1		(100227) 孟承_魑鬼荒吐单体伤害	大道荒吐	测试技能					1	1			1	0			0		0			
100228	0	0	1	1	0	0	0	1		(100228) 2号吕一平_地裂震荡	震荡	测试技能					1	1			1	0			0		0			
100229	0	0	1	1	0	0	0	1		(100229) 2号吕一平_沉重锤击吟唱	沉重锤击	测试技能					1	1			1	0			0		0			
100230	0	0	1	1	0	0	0	1		(100230) 2号吕一平_沉重锤击	沉重锤击	测试技能					1	1			1	0			0		0			
100232	0	0	1	1	0	0	0	1		(100232) 2号吕一平_锤音轰鸣吟唱表现	锤音轰鸣	测试技能					1	1			1	0			0		0			
100233	0	0	1	1	0	0	0	1		(100233) 2号吕一平_震山锤风	震山锤风	测试技能					1	1			1	0			0		0			
100234	0	0	1	1	0	0	0	1		(100234) 2号吕一平_震荡单体伤害	震荡	测试技能					1	1			1	0			0		0			
100235	0	0	1	1	0	0	0	1		(100235) 3号奚风_猩红镰舞读条	猩红镰舞	测试技能					1	1			1	0			0		0			
100236	0	0	1	1	0	0	0	1		(100236) 3号奚风_猩红镰舞持续	猩红镰舞	测试技能					1	1			1	0			0		0			
100237	0	0	1	1	0	0	0	1		(100237) 3号奚风_绽血刹羽_放	绽血锋刃	测试技能					1	1			1	0			0		0			
100238	0	0	1	1	0	0	0	1		(100238) 3号奚风_绽血刹羽矩形	绽血锋刃	测试技能					1	1			1	0			0		0			
100239	0	0	1	1	0	0	0	1		(100239) 3号奚风_鲜血品尝	鲜血绽放	测试技能					1	1			1	0			0		0			
100240	0	0	1	1	0	0	0	1		(100240) 3号奚风_鲜血品尝单体伤害	鲜血绽放	测试技能					1	1			1	0			0		0			
100241	0	0	1	1	0	0	0	1		(100241) 3号奚风_血魔斩首	血魔斩首	测试技能					1	1			1	0			0		0			
100242	0	0	1	1	0	0	0	1		(100242) 3号奚风_血魔斩首表现	血魔斩首	测试技能					1	1			1	0			0		0			
100243	0	0	1	1	0	0	0	1		(100243) 3号奚风_鲜血品尝大吟唱	鲜血盛宴	测试技能					1	1			1	0			0		0			
100245	0	0	1	1	0	0	0	1		(100245) 3号奚风_普攻	攻击	测试技能					1	1			1	0			0		0			
100246	0	0	1	1	0	0	0	1		(100246) 3号奚风_绽血刹羽_收	绽血锋刃	测试技能					1	1			1	0			0		0			
100249	0	0	1	1	0	0	0	1		(100249) 3号奚风_普攻_子技能	攻击	测试技能					1	1			1	0			0		0			
100250	0	0	1	1	0	0	0	1		(100250) 场景_玩家摔伤伤害表现	重伤	测试技能					1	1			1	0			0		0			
100311	0	0	1	1	0	0	0	1		(100311) 1号_关八天_水龙卷_单次伤害	水龙卷	测试技能					1	1			1	0			0		0			
100313	0	0	1	1	0	0	0	1		(100313) 1号_关八天_破浪刃	破浪刃	测试技能					1	1			1	0			0		0			
100314	0	0	1	1	0	0	0	1		(100314) 1号_关八天_分水割	分水割	测试技能					1	1			1	0			0		0			
100316	0	0	1	1	0	0	0	1		(100316) 1号_关八天_普攻子技能	磔裂	测试技能					1	1			1	0			0		0			
100317	1	0	1	1	0	0	0	1		(100317) 1号_关八天_水龙卷_吟唱	水龙卷	测试技能					1	1			1	0			0		0			
100318	1	0	1	1	0	0	0	1		(100318) 1号_关八天_破浪刃_吟唱	破浪刃	测试技能					1	1			1	0			0		0			
100319	1	0	1	1	0	0	0	1		(100319) 1号_关八天_分水割_吟唱	分水割	测试技能					1	1			1	0			0		0			
100320	1	0	1	1	0	0	0	1		(100320) 1号_关八天_放血伤害显示	血流不止	测试技能					1	1			1	0			0		0			
100321	0	0	1	1	0	0	0	1		(100321) 2号_苍森_普通攻击	锚击	测试技能					1	1			1	0			0		0			
100325	0	0	1	1	0	0	0	1		(100325) 3号_大海兽_普攻_左	鞭击	测试技能					1	1			1	0			0		0			
100326	1	0	1	1	0	0	0	1		(100326) 3号_大海兽_恶毒凝视_吟唱	恶毒凝视	测试技能					1	1			1	0			0		0			
100327	0	0	1	1	0	0	0	1		(100327) 3号_大海兽_碾压	碾压	测试技能					1	1			1	0			0		0			
100328	0	0	1	1	0	0	0	1		(100328) 3号_大海兽_全屏碾压	碾压	测试技能					1	1			1	0			0		0			
100329	1	0	1	1	0	0	0	1		(100329) 3号_大海兽_碾压_吟唱	碾压	测试技能					1	1			1	0			0		0			
100330	0	0	1	1	0	0	0	1		(100330) 3号_大海兽_墨汁喷吐_吟唱	墨汁喷吐	测试技能					1	1			1	0			0		0			
100331	0	0	1	1	0	0	0	1		(100331) 3号_大海兽_墨汁喷吐	墨汁喷吐	测试技能					1	1			1	0			0		0			
100332	0	0	1	1	0	0	0	1		(100332) 2号_苍森_筋肉爆弹_撞击伤害	筋肉爆弹	测试技能					1	1			1	0			0		0			
100333	0	0	1	1	0	0	0	1		(100333) 2号_苍森_筋肉爆弹_终结伤害	骨断筋折	测试技能					1	1			1	0			0		0			
100334	1	0	1	1	0	0	0	1		(100334) 2号_苍森_筋肉爆弹_蓄力	筋肉爆弹	测试技能					1	1			1	0			0		0			
100338	1	0	1	1	0	0	0	1		(100338) 2号_苍森_身体修复	身体修复	测试技能					1	1			1	0			0		0			
100344	0	0	1	1	0	0	0	1		(100344) 3号_大海兽_普攻_右	鞭击	测试技能					1	1			1	0			0		0			
100347	0	0	1	1	0	0	0	1		(100347) 叶静池_剑锋百锻短读条	剑锋百锻	测试技能					1	1			1	0			0		0			
100348	0	0	1	1	0	0	0	1		(100348) 3号_大海兽_吞噬	吞噬	测试技能					1	1			1	0			0		0			
100353	0		0	0	0	0				(100353) 移动端_傲血_突_到点后击倒	突・悟						0					0					0			
100355	0		0	0	0	0				(100355) 移动端_傲血_力破万钧_戳枪	力破万钧・悟						0					0					0			
100357	0		0	0	0	0				(100357) 移动端_泠风解怀_治疗效果	泠风解怀・悟						0					0					0			
100358	0		0	0	0	0				(100358) 移动端_傲血_霹雳_链状子技能	霹雳・悟						0					0					0			
100359	0		0	0	0	0				(100359) 移动端_上元点鬟_结束治疗	上元点鬟・悟						0					0					0			
100362	0									(100362) 移动端_上元点鬟_二段	上元点鬟・悟																			
100374	0		0	0	0	0				(100374) 移动端_气场_被引爆	气场引爆						0					0					0			
100376	0		0	0	0	0				(100376) 移动端_玳弦急曲	玳弦急曲・悟						0					0					0			
100377	0		0	0	0	0				(100377) 移动端_霜天剑泠	霜天剑泠・悟						0					0					0			
100378	0		0	0	0	0				(100378) 移动端_江海凝光	江海凝光・悟						0					0					0			
100379	0		0	0	0	0				(100379) 移动端_剑破虚空	剑破虚空・悟						0					0					0			
100380	0		0	0	0	0				(100380) 移动端_剑心通明	剑心通明・悟						0					0					0			
100381	0		0	0	0	0				(100381) 移动端_剑影留痕	剑影留痕・悟						0					0					0			
100388	0		0	0	0	0				(100388) 移动端_寒江_伤害效果	寒江・悟						0					0					0			
100389	0	619	0	0	0	0	0	1		(100389) 移动端_太虚剑意_心法	太虚剑意・悟	移动端_太虚剑意，此乃纯阳秘传之御剑心法，运功之时真气充塞寰宇，心外无物，天人合一。					0	0			0	0			0		0			
100393	0		0	0	0	0				(100393) 移动端_冰心诀_技能	冰心诀・悟						0					0					0			
100398	0	627	0	0	0	0	0	1		(100398) 移动端_紫霞功_心法	紫霞功・悟	移动端_紫霞功，此乃道家内功无上心法，运功之时绵若云霞，更有紫气护体，故名紫霞。					0	0			0	0			0		0			
100399	0		0	0	0	0				(100399) 移动端_傲血_破重围伤害子技能	破重围・悟						0					0					0			
100405	0		0	0						(100405) 移动端_江海凝光_贰式	江海凝光・悟						0													
100406	0	633	0	0	0	0	0	1		(100406) 移动端_傲血战意_心法	傲血战意・悟	移动端_傲血战意，令人周身血脉畅通，真气爆发，内力激增，所向披靡，无往不利。					1	0			0	0			0		0			
100407	0	632	0	0	0	0	0	1		(100407) 移动端_铁牢律_心法	铁牢律・悟	移动端_铁牢律习之者周身罡气护体，若有铁甲，牢不可破，故名铁牢律。					1	0			0	0			0		0			
100408	0	406	0	0	0	0	0	1		(100408) 移动端_花间游_心法	花间游・悟	万花点穴武学之根本。习之可通晓人体之经络穴位及要害之处。一可封经截脉，克敌制胜；二可助人疏通筋脉，祛病除邪。					0	0			0	0			0		0			
100409	0	887	0	0	0	0	0	2		(100409) 移动端_心法_云裳心经	云裳心经・悟	此功舞乐相合，水乳交融。若凤鸣、若蝶舞、若莺啼、若雨滴，观之怡情，赏之悦性。不仅能令自身精神振奋，亦可增益他人。					1	1			1	0					0			
100410	0	888	0	0	0	0	0	1		(100410) 移动端_心法_冰心诀	冰心诀・悟	七秀内功。此功飘逸轻盈，若九天飞仙。且攻势凌厉，厉害非常。据传乃是公孙大娘之师所创，旁人问及，大娘只是笑而不答。					1	1			1	0					0			
100411	0	412	0	0	0	0	0	2		(100411) 移动端_离经易道_心法	离经易道・悟	万花医学之根本。习之可精通岐黄之术，可驱疾病，健体魄，亦可解除百毒，悬壶济世。					0	0			0	0			0		0			
100412	0		0	0	0	0				(100412) 移动端_傲血_突_秘籍替换	灭・悟						0					0					0			
100414	0		0	0	0	0				(100414) 移动端_霜天剑泠_每跳伤害	霜天剑泠・悟						0					0					0			
100418	0		0	0	0	0				(100418) 移动端_霜天剑泠_最终伤害	霜天剑泠・悟						0					0					0			
100420	0		0	0	0	0				(100420) 移动端_铁牢律_技能	铁牢律・悟						0					0					0			
100421	0		0	0	0	0				(100421) 移动端_铁牢_穿云	穿云・悟						0					0					0			
100422	0		0	0	0	0				(100422) 移动端_铁牢_八阵	雷行・悟						0					0					0			
100423	0		0	0	0	0				(100423) 移动端_铁牢_定军	定军・悟						0					0					0			
100424	0		0	0	0	0				(100424) 移动端_铁牢_龙吟	龙吟・悟						0					0					0			
100425	0		0	0	0	0				(100425) 移动端_铁牢_突	突・悟						0					0					0			
100426	0		0	0	0	0				(100426) 移动端_铁牢_御	御・悟						0					0					0			
100427	0		0	0	0	0				(100427) 移动端_铁牢_沧月	沧月・悟						0					0					0			
100428	0		0	0	0	0				(100428) 移动端_铁牢_疾如风	疾如风・悟						0					0					0			
100429	0		0	0	0	0				(100429) 移动端_铁牢_战八方	战八方・悟						0					0					0			
100430	0		0	0	0	0				(100430) 移动端_铁牢_力破万钧	力破万钧・悟						0					0					0			
100431	0		0	0	0	0				(100431) 移动端_铁牢_号令三军	号令三军・悟						0					0					0			
100434	0		0	0	0	0				(100434) 移动端_铁牢_突到点后实际击倒	突・悟						0					0					0			
100436	0		0	0	0	0				(100436) 移动端_铁牢_力破万钧_戳枪	力破万钧・悟						0					0					0			
100438	0		0	0	0	0				(100438) 移动端_繁音急节	繁音急节・悟						0					0					0			
100439	0		0	0	0	0				(100439) 移动端_鹊踏枝	鹊踏枝・悟						0					0					0			
100440	0		0	0	0	0				(100440) 移动端_帝骖龙翔	帝骖龙翔・悟						0					0					0			
100442	0		0	0	0	0				(100442) 移动端_铁牢_龙牙	龙牙・悟						0					0					0			
100443	0		0	0	0	0				(100443) 移动端_剑气长江	剑气长江・悟						0					0					0			
100444	0									(100444) 移动端_剑气长江_伤害效果	剑气长江・悟																			
100445	0		0	0	0	0				(100445) 移动端_心鼓弦	心鼓弦・悟						0					0					0			
100447	0	4561	1	1	0	0	0	1		(100447) 移动端_太虚剑意_奇穴1_1	致柔・悟	"三环套月"伤害提高100%					1	1			1	0			0		0			
100448	0	2936	1	1	0	0	0	1		(100448) 移动端_太虚剑意_奇穴1_2	周行・悟	“无我无剑”伤害提高100%					1	1			1	0			0		0			
100449	0		0	0	0	0				(100449) 移动端_太虚剑意_奇穴2_1	神灵・悟						0					0					0			
100450	0		0	0	0	0				(100450) 移动端_太虚剑意_奇穴2_2	玄牝・悟						0					0					0			
100451	0		0	0	0	0				(100451) 移动端_太虚剑意_奇穴3_1	固强・悟						0					0					0			
100452	0		0	0	0	0				(100452) 移动端_太虚剑意_奇穴3_2	无隅・悟						0					0					0			
100455	0		0	0	0	0				(100455) 移动端_九微飞花_群体治疗	九微飞花・悟						0					0					0			
100458	0		0	0	0	0				(100458) 移动端_快雪时晴伤害	快雪时晴・悟						0					0					0			
100460	0		0	0	0	0				(100460) 移动端_左旋右转	左旋右转・悟						0					0					0			
100461	0		0	0	0	0				(100461) 移动端_左旋右转_实际治疗	左旋右转・悟						0					0					0			
100463	0		0	0	0	0				(100463) 移动端_心鼓弦_非战状态	妙舞神扬・悟						0					0					0			
100464	0		0	0	0	0				(100464) 移动端_傲血_龙吟_秘籍2_群体伤害和减速	龙吟・悟						0					0					0			
100466	0		0	0	0	0				(100466) 移动端_玉石俱焚驱散	玉石俱焚・悟						0					0					0			
100475	0		0	0	0	0				(100475) 移动端_六合独尊_伤害	六合独尊・悟						0					0					0			
100487	0	11824	1	1	0	0	0	1		(100487) 移动端_花间游_奇穴1_1	归兮・悟	运功招式运功时间降低0.5秒，可在移动中施展。					1	1			1	0			0		0			
100488	0	13437	1	1	0	0	0	1		(100488) 移动端_花间游_奇穴1_2	陶然・悟	施展运功招式运功结束时获得“梦歌”气劲，每层使加速率提高2%，内功基础攻击力提高10%，持续30秒，最多叠加3层。					1	1			1	0			0		0			
100489	0	13436	1	1	0	0	0	1		(100489) 移动端_花间游_奇穴2_1	忘机・悟	自身造成的持续伤害提高30%。目标身上若无“商阳指”，则普通攻击造成伤害时附带“商阳指”效果。					1	1			1	0			0		0			
100490	0	16198	1	1	0	0	0	1		(100490) 移动端_花间游_奇穴2_2	夕落・悟	自身持续伤害效果被吞噬造成的伤害提高100%，持续伤害效果被卸除后，每个持续伤害使目标1.5秒内无法受到治疗效果，最多持续4.5秒。					1	1			1	0			0		0			
100491	0	12732	1	1	0	0	0	1		(100491) 移动端_花间游_奇穴3_1	渡泉・悟	施展技能获得10点墨意，60点墨意后下一次普攻会在目标8尺区域产生墨池，持续6秒，墨池每2秒浸染其中最多5个目标造成混元内功伤害并减速50%，若墨池浸染的目标有自身持续伤害，则对其造成该持续伤害的一跳伤害。同时画出雨墨雕，延迟1.5秒后对墨池内最多5个敌方目标造成混元内功伤害。					1	1			1	0			0		0			
100492	0	16219	1	1	0	0	0	1		(100492) 移动端_花间游_奇穴3_2	常心・悟	施展瞬发技能/运功技能，在目标位置落下一枚黑子/白子，持续8秒。10尺内两枚异色子互相引爆，对10尺范围内最多5个目标造成混元内功伤害。					1	1			1	0			0		0			
100498	0		0	0	0	0				(100498) 移动端_傲血_沧月_秘籍1_破军伤害	破军						0					0					0			
100503	0		0	0	0	0				(100503) 移动端_婆罗门_实际回血【废弃】	婆罗门・悟						0					0					0			
100510	0		0	0	0	0				(100510) 移动端_两生	飘然・悟						0					0					0			
100511	0		0	0	0	0				(100511) 移动端_风华	婵娟・悟						0					0					0			
100516	0		0	0	0	0				(100516) 移动端_春辞	玉颜・悟						0					0					0			
100518	0		0	0	0	0				(100518) 移动端_乞巧	清光・悟						0					0					0			
100522	0	4561	1	1	0	0	0	1		(100522) 移动端_傲血战意_奇穴1_1_啸如虎	啸如虎・悟	自身气血值低于30%时触发，被治疗效果提高20%且不会重伤，持续10秒，该效果每90秒触发一次。					1	1			1	0			0		0			
100523	0	4561	1	1	0	0	0	1		(100523) 移动端_傲血战意_奇穴1_2	骠骑・悟	任意招式连续命中同个目标8次，可在目标区域落下箭雨，对范围内5个目标造成外功伤害，该效果每10秒触发一次。					1	1			1	0			0		0			
100524	0	4561	1	1	0	0	0	1		(100524) 移动端_傲血战意_奇穴2_1	行健・悟	任驰骋调息降低10秒，通过任驰骋上马后，每5秒获得5%外功伤害加成，可叠加6次，离开骑乘状态时清除。					1	1			1	0			0		0			
100525	0	4561	1	1	0	0	0	1		(100525) 移动端_傲血战意_奇穴2_2	骁武・悟	马下招式连续命中时，为自身提供5%伤害加成与2%减伤，可叠加5次，持续4秒。					1	1			1	0			0		0			
100526	0	4561	1	1	0	0	0	1		(100526) 移动端_傲血战意_奇穴3_1	勇毅・悟	所有招式对击倒状态目标造成额外35%伤害。					1	1			1	0			0		0			
100527	0	4561	1	1	0	0	0	1		(100527) 移动端_傲血战意_奇穴3_2	 南征・悟	“流血”叠加上限提高到3层，每层提高马下招式5%伤害。					1	1			1	0			0		0			
100532	0		0	0	0	0				(100532) 移动端_冥泽	容华・悟						0					0					0			
100533	0		0	0	0	0				(100533) 移动端_妍姿	绛珠・悟						0					0					0			
100534	0		0	0	0	0				(100534) 移动端_碎冰	碎冰						0					0					0			
100535	0		0	0	0	0				(100535) 移动端_苍梧	苍梧						0					0					0			
100556	0		0	0	0	0				(100556) 移动端_紫霞功_奇穴1_1	道冲・悟						0					0					0			
100557	0		0	0	0	0				(100557) 移动端_紫霞功_奇穴1_2	持盈・悟						0					0					0			
100558	0		0	0	0	0				(100558) 移动端_紫霞功_奇穴2_1	不恃・悟						0					0					0			
100559	0		0	0	0	0				(100559) 移动端_紫霞功_奇穴2_2	无争・悟						0					0					0			
100560	0		0	0	0	0				(100560) 移动端_紫霞功_奇穴3_1	上善・悟						0					0					0			
100561	0		0	0	0	0				(100561) 移动端_紫霞功_奇穴3_2	和光・悟						0					0					0			
100564	0		0	0	0	0				(100564) 移动端_玳弦急曲_实际伤害	玳弦急曲・悟						0					0					0			
100566	0		0	0	0	0				(100566) 移动端_任驰骋_下马	任驰骋・悟・下马						0					0					0			
100567	0		0	0	0	0				(100567) 移动端_月出东山	月出东山・悟						0					0					0			
100569	0		0	0	0	0				(100569) 移动端_铁牢律_奇穴1_1_啸如虎	啸如虎・悟						0					0					0			
100570	0		0	0	0	0				(100570) 移动端_铁牢律_奇穴1_2	铁甲・悟						0					0					0			
100571	0		0	0	0	0				(100571) 移动端_铁牢律_奇穴2_1	破胆・悟						0					0					0			
100572	0		0	0	0	0				(100572) 移动端_铁牢律_奇穴2_2	战锋・悟						0					0					0			
100573	0		0	0	0	0				(100573) 移动端_铁牢律_奇穴3_1	枕戈・悟						0					0					0			
100574	0		0	0	0	0				(100574) 移动端_铁牢律_奇穴3_2	护九州・悟						0					0					0			
100577	0		0	0	0	0				(100577) 移动端_离经易道_奇穴1_1	文锋・悟						0					0					0			
100578	0		0	0	0	0				(100578) 移动端_离经易道_奇穴1_2	隐形・悟						0					0					0			
100579	0		0	0	0	0				(100579) 移动端_离经易道_奇穴2_1	济世・悟						0					0					0			
100580	0		0	0	0	0				(100580) 移动端_离经易道_奇穴2_2	玄针・悟						0					0					0			
100581	0		0	0	0	0				(100581) 移动端_离经易道_奇穴3_1	云间・悟						0					0					0			
100582	0		0	0	0	0				(100582) 移动端_离经易道_奇穴3_2	灵脉・悟						0					0					0			
100584	0		0	0	0	0				(100584) 移动端_湍流	瑟曲・悟						0					0					0			
100585	0		0	0	0	0				(100585) 移动端_善舞	红袖・悟						0					0					0			
100586	0		0	0	0	0				(100586) 移动端_寒江	弦曲・悟						0					0					0			
100587	0		0	0	0	0				(100587) 移动端_轻舟	笙曲・悟						0					0					0			
100588	0		0	0	0	0				(100588) 移动端_见月	筝曲・悟						0					0					0			
100598	0		0	0	0	0				(100598) 移动端_合璧知意	合璧知意・悟						0					0					0			
100610	0		0	0	0	0				(100610) 移动端_铁牢_龙牙_断篇_群体伤害	龙牙・悟						0					0					0			
100617	0		0	0	0	0				(100617) 移动端_梯云纵	梯云纵・悟						0					0					0			
100618	0	3865	0	0	0	0	0	1		(100618) 移动端_焚影圣诀_心法	焚影圣诀・悟	光明妙火常辉耀，焚影驱暗恒如意。攻其所不备，却必救之处，寻觅机会，一击挫敌。明教功法之中，以此最擅于在对决中捕获那稍纵即逝之制胜良机。					1	0			0	0			0		0			
100619	0		0	0	0	0				(100619) 移动端_焚影圣诀_技能	焚影圣诀・悟						0					0					0			
100620	0		0	0	0	0				(100620) 移动端_焚影_赤日轮	赤日轮・悟						0					0					0			
100623	0		0	0	0	0				(100623) 移动端_焚影_赤日轮_2段	赤日轮・悟						0					0					0			
100624	0		0	0	0	0				(100624) 移动端_焚影_赤日轮_3段	赤日轮・悟						0					0					0			
100627	0		0	0	0	0				(100627) 移动端_明尊琉璃体_技能	明尊琉璃体・悟						0					0					0			
100631	0	3864	0	0	0	0	0	1		(100631) 移动端_明尊琉璃体_心法	明尊琉璃体・悟	倚托清净解脱门，普愿离诸生死苦。显化妙法无尽藏，明尊肉身琉璃相。动静随心，身化琉璃。					1	0			0	0			0		0			
100632	0		0	0	0	0				(100632) 移动端_焚影_幽月轮	幽月轮・悟						0					0					0			
100634	0		0	0	0	0				(100634) 移动端_焚影_幽月轮_2段	幽月轮・悟						0					0					0			
100635	0		0	0	0	0				(100635) 移动端_焚影_幽月轮_3段	幽月轮・悟						0					0					0			
100636	0	3184	1	1	0	0	0	2		(100636) 移动・天罗诡道	天罗诡道	天罗地网困龙蛇，神惊魄悸向黄泉。唐家堡秘传心法，利用特制淬毒机关和武器杀敌，实乃波谲云诡、出奇制胜之道。					1	1			1	0					0			
100638	0	3165	1	1	0	0	0	1		(100638) 移动・惊羽诀	惊羽诀	惊羽穿杨连百中，鹰视狼顾壮志雄。唐门无上心法，利用各种奇巧锐器远距离精准打击敌人，使其插翅难飞。					1	1			1	0					0			
100644	0		0	0	0	0				(100644) 移动端_焚影_烈日斩	烈日斩・悟						0					0					0			
100645	0		0	0	0	0				(100645) 移动端_焚影_银月斩	银月斩・悟						0					0					0			
100647	0		0	0	0	0				(100647) 移动端_焚影_流光囚影	流光囚影・悟						0					0					0			
100648	0		0	0	0	0				(100648) 移动端_焚影_净世破魔击	净世破魔击・悟						0					0					0			
100649	0		0	0	0	0				(100649) 移动端_焚影_净世破魔击_日	净世破魔击・悟						0					0					0			
100650	0		0	0	0	0				(100650) 移动端_焚影_净世破魔击_月	净世破魔击・悟						0					0					0			
100651	0	4610	0	0	0	0				(100651) 移动端_笑尘诀_心法	笑尘诀・悟						0					0					0			
100652	0		0	0	0	0				(100652) 移动端_笑尘诀_技能	笑尘诀・悟						0					0					0			
100653	0		0	0	0	0				(100653) 移动端_拨狗朝天	拨狗朝天・悟						0					0					0			
100654	0	2766	0	0	0	0	0	1		(100654) 移动端_毒经_心法	毒经・悟	苗疆绝学，五仙教历代前辈传下的用毒之术精粹。					0	0			0	0			0		0			
100655	0	2767	0	0	0	0	0	2		(100655) 移动端_补天诀_心法	补天诀・悟	取上古之神女娲素手织补青天之意，以蛊强体补身的仙教秘诀。					0	0			0	0			0		0			
100656	0		0	0	0	0				(100656) 移动端_毒经_技能	毒经・悟						0					0					0			
100657	0		0	0	0	0				(100657) 移动端_蝎心	蝎心・悟						0					0					0			
100660	0		0	0	0	0				(100660) 移动端_亢龙有悔	亢龙有悔・悟						0					0					0			
100661	0		0	0	0	0				(100661) 移动端_棒打狗头	棒打狗头・悟						0					0					0			
100662	0		0	0	0	0				(100662) 移动端_祭湘君	祭湘君・悟						0					0					0			
100663	0		0	0	0	0				(100663) 移动端_酒中仙	酒中仙・悟						0					0					0			
100664	0		0	0	0	0				(100664) 移动端_拨狗朝天_追加技1	拨狗朝天・悟						0					0					0			
100667	0		0	0	0	0					蝎心・断篇・悟（暂废）						0					0					0			
100669	0		0	0	0	0				(100669) 移动端_蛇影	蛇影・悟						0					0					0			
100670	0		0	0	0	0				(100670) 移动端_百足	百足・悟						0					0					0			
100671	0		0	0	0	0				(100671) 移动端_蟾啸	蟾啸・悟						0					0					0			
100672	0		0	0	0	0				(100672) 移动端_千丝	千丝・悟						0					0					0			
100673	0		0	0	0	0				(100673) 移动端_灵蛊	灵蛊・悟						0					0					0			
100674	0		0	0	0	0				(100674) 移动端_篾片蛊	篾片蛊・悟						0					0					0			
100675	0		0	0	0	0				(100675) 移动端_玄水蛊	玄水蛊・悟						0					0					0			
100676	0		0	0	0	0				(100676) 移动端_蛊虫狂暴	蛊虫狂暴・悟						0					0					0			
100677	0		0	0	0	0				(100677) 移动端_蛊虫引	蛊虫引・悟						0					0					0			
100680	0		0	0	0	0				(100680) 移动端_亢龙有悔_追加技1	亢龙有悔・悟						0					0					0			
100681	0		0	0	0	0				(100681) 移动端_补天诀_技能	补天诀・悟						0					0					0			
100684	0		0	0	0	0				(100684) 移动端_冰蚕牵丝	冰蚕牵丝・悟						0					0					0			
100685	0		0	0	0	0				(100685) 移动端_醉舞九天	醉舞九天・悟						0					0					0			
100686	0		0	0	0	0				(100686) 移动端_圣手织天	圣手织天・悟						0					0					0			
100687	0		0	0	0	0				(100687) 移动端_女娲补天	女娲补天・悟						0					0					0			
100688	0		0	0	0	0				(100688) 移动端_蛊惑众生	蛊惑众生・悟						0					0					0			
100689	0		0	0	0	0				(100689) 移动端_仙王蛊鼎	仙王蛊鼎・悟						0					0					0			
100690	0		0	0	0	0				(100690) 移动端_玄水蛊	玄水蛊・悟						0					0					0			
100691	0		0	0	0	0				(100691) 移动端_碧蝶引	碧蝶引・悟						0					0					0			
100692	0		0	0	0	0				(100692) 移动端_碧蝶引_贰式	碧蝶引・悟						0					0					0			
100697	0		0	0	0	0				(100697) 移动端_焚影_暗尘弥散	暗尘弥散・悟						0					0					0			
100698	0		0	0	0	0				(100698) 移动端_焚影_驱夜断愁	驱夜断愁・悟						0					0					0			
100715	0		0	0	0	0				(100715) 移动端_焚影_驱夜断愁_伤害子技能	暗尘弥散・悟						0					0					0			
100718	0		0	0	0	0				(100718) 移动端_焚影_煌日照	煌日照・悟						0					0					0			
100719	0		0	0	0	0				(100719) 移动端_焚影_寒月耀	寒月耀・悟						0					0					0			
100720	0		0	0	0	0				(100720) 移动端_焚影_伏明众生	伏明众生・悟						0					0					0			
100721	0		0	0	0	0				(100721) 移动端_焚影_冥月渡心	冥月渡心・悟						0					0					0			
100725	0	2376	0	0	0	0				(100725) 移动端_心法_问水诀	山居问水剑・悟						0					0					0			
100726	0		0	0	0	0				(100726) 移动端_山居剑意	山居剑意・悟						0					0					0			
100728	0	2363	1	1	0	0	0	1		(100728) 移动端_听雷	听雷・悟	对目标造成<SUB 1706 0>外功伤害，附加额外的100%武器伤害。问水诀内功下获得20点剑气。<TALENT 5957 1 “山居剑意”心法下伤害提高10%><TALENT 6799 1 “山居剑意”下“听雷”有3秒的调息时间，会心几率提高10%，会心效果提高10%，会心则获得5点剑气><TALENT 5944 1 “山居剑意”下每点剑气有0.5%几率使“听雷”额外触发一次伤害><TALENT 2736 2 施展后额外获得20点剑气><TALENT 2739 1 伤害提高5%><TALENT 5959 1 “山居剑意”下施展“听雷”命中目标后使自身下两次“夕照雷锋”“云飞玉皇”会心几率及招式伤害提高15%><TALENT 5958 1 “问水诀”下施展获得1层“声趣”效果，使下1次“夕照雷峰”会心几率和会心效果提高15%且不需要运功，可以叠加3层，持续15秒><TALENT 21737 1 “梦泉虎跑”期间，施展可以额外触发一次伤害><TALENT 25016 1 每次施展“啸日”切换并处于“山居剑意”状态下，首次施展降低“莺鸣柳”1.5秒的调息时间，并额外造成<SUB 26689 1>外功伤害><TALENT 29090 1 “山居剑意”下会心几率提高10%，会心效果提高10%， 命中目标后，使目标获得“惊雷”效果，持续8秒>	外功伤害：提高到<SUB 1706 0>。	淡看风云，笑听雷霆。		攻击技，主要的伤害输出技能。	1	1			1	0				攻击技，对目标造成大量伤害。	1			
100729	0		0	0	0	0				(100729) 移动端_藏剑_子技能	山居问水剑・悟						0					0					0			
100732	0		0	0	0	0				(100732) 移动端_平湖断月	平湖断月・悟						0					0					0			
100733	0		0	0	0	0				(100733) 移动端_黄龙吐翠	平湖断月・悟						0					0					0			
100734	0		0	0	0	0				(100734) 移动端_梦泉虎跑	梦泉虎跑・悟						0					0					0			
100735	0		0	0	0	0				(100735) 移动端_玉泉鱼跃	玉泉鱼跃・悟						0					0					0			
100736	0		0	0	0	0				(100736) 移动端_夕照雷峰	夕照雷峰・悟						0					0					0			
100737	0		0	0	0	0				(100737) 移动端_云飞玉皇	云飞玉皇・悟						0					0					0			
100738	0		0	0	0	0				(100738) 移动端_焚影_伏明众生_每跳实际伤害	伏明众生・悟						0					0					0			
100739	0		0	0	0	0				(100739) 移动端_峰插云景	峰插云景・悟						0					0					0			
100740	0		0	0	0	0				(100740) 移动端_鹤归孤山	峰插云景・悟・贰式						0					0					0			
100741	0		0	0	0	0				(100741) 移动端_风来吴山	风来吴山・悟						0					0					0			
100751	0		0	0	0	0				(100751) 移动端_啸日	啸日・悟						0					0					0			
100756	0		0	0	0	0				(100756) 移动端_蛊虫引伤害	蛊虫引・悟						0					0					0			
100761	0		0	0	0	0				(100761) 移动端_烟雨行	烟雨行・悟						0					0					0			
100762	0		0	0	0	0				(100762) 移动端_化蝶	化蝶・悟						0					0					0			
100763	0		0	0	0	0				(100763) 移动端_连缘蛊	连缘蛊・悟						0					0					0			
100764	0		0	0	0	0				(100764) 移动端_寂灭蛊	寂灭蛊・悟						0					0					0			
100765	0		0	0	0	0				(100765) 移动端_千蝶吐瑞	千蝶吐瑞・悟						0					0					0			
100766	0		0	0	0	0				(100766) 移动端_孔雀引	孔雀引・悟						0					0					0			
100770	0		0	0	0	0				(100770) 移动端_云飞_瞬发	云飞玉皇・悟						0					0					0			
100773	0		0	0	0	0				(100773) 移动端_恶狗拦路	恶狗拦路・悟						0					0					0			
100774	0		0	0	0	0				(100774) 移动端_时乘六龙	时乘六龙・悟						0					0					0			
100775	0		0	0	0	0				(100775) 移动端_蜀犬吠日	蜀犬吠日・悟						0					0					0			
100776	0		0	0	0	0				(100776) 移动端_龙啸九天	龙啸九天・悟						0					0					0			
100778	0		0	0	0	0				(100778) 移动端_焚影_生死劫（暂废）	生死劫・悟						0					0					0			
100779	0		0	0	0	0				(100779) 移动端_焚影_诛邪镇魔	诛邪镇魔・悟						0					0					0			
100784	0		0	0	0	0				(100784) 移动端_藏剑_龙池伤害	龙池						0					0					0			
100786	0		0	0	0	0				(100786) 移动端_虎跑_冲刺攻击	梦泉虎跑・悟						0					0					0			
100787	0		0	0	0	0				(100787) 移动端_焚影_奇穴1_1	弃身明道・悟						0					0					0			
100788	0		0	0	0	0				(100788) 移动端_焚影_奇穴1_2	圣光破邪・悟						0					0					0			
100789	0		0	0	0	0				(100789) 移动端_焚影_奇穴2_1	光影偕生・悟						0					0					0			
100790	0		0	0	0	0				(100790) 移动端_焚影_奇穴2_2	日月同辉・悟						0					0					0			
100791	0		0	0	0	0				(100791) 移动端_焚影_奇穴3_1	轮回死生・悟						0					0					0			
100792	0		0	0	0	0				(100792) 移动端_焚影_奇穴3_2	诛邪镇魔・悟						0					0					0			
100794	0		0	0	0	0				(100794) 移动端_黯影	殇音・悟						0					0					0			
100795	0		0	0	0	0				(100795) 移动端_云飞_近距离伤害	云飞玉皇・悟						0					0					0			
100796	0		0	0	0	0				(100796) 移动端_听雷_贰式	听雷・悟・贰式						0					0					0			
100801	0		0	0	0	0				(100801) 移动端_啖灵	蛊蚀・悟						0					0					0			
100802	0		0	0	0	0				(100802) 移动端_二圣	灵蝶・悟						0					0					0			
100803	0		0	0	0	0				(100803) 移动端_离争	跗骨・悟						0					0					0			
100804	0		0	0	0	0				(100804) 移动端_不鸣	噬命・悟						0					0					0			
100805	0		0	0	0	0				(100805) 移动端_蝉蜕	苏生・悟						0					0					0			
100807	0		0	0	0	0				(100807) 移动端_断潮	断潮・悟						0					0					0			
100808	0		0	0	0	0				(100808) 移动端_鹤归_实际伤害【废弃】	峰插云景・悟・贰式						0					0					0			
100811	0		0	0	0	0				(100811) 移动端_风来_实际伤害	风来吴山・悟						0					0					0			
100816	0		0	0	0	0				(100816) 移动端_焚影_秘籍_满日额外AOE	烈日斩・悟						0					0					0			
100819	0		0	0	0	0				(100819) 移动端_蛟龙翻江	蛟龙翻江・悟						0					0					0			
100820	0		0	0	0	0				(100820) 移动端_蛟龙翻江_追加技1	蛟龙翻江・悟						0					0					0			
100821	0		0	0	0	0				(100821) 移动端_恶狗拦路_追加技1	恶狗拦路・悟						0					0					0			
100822	0		0	0	0	0				(100822) 移动端_时乘六龙_追加技1	时乘六龙・悟						0					0					0			
100824	0		0	0	0	0				(100824) 移动端_神龙降世	神龙降世・悟						0					0					0			
100825	0		0	0	0	0				(100825) 移动端_天下无狗	天下无狗・悟						0					0					0			
100828	0		0	0	0	0				(100828) 移动端_虫兽	五圣・悟						0					0					0			
100829	0		0	0	0	0				(100829) 移动端_曳光	翩跹・悟						0					0					0			
100830	0		0	0	0	0				(100830) 移动端_乱絮	回生・悟						0					0					0			
100831	0		0	0	0	0				(100831) 移动端_圣涌	灵眷・悟						0					0					0			
100832	0		0	0	0	0				(100832) 移动端_辟寒	圣护・悟						0					0					0			
100833	0		0	0	0	0				(100833) 移动端_蝉蜕	献灵・悟						0					0					0			
100839	0		0	0	0	0				(100839) 移动端_篾片蛊伤害	篾片蛊・悟						0					0					0			
100844	0		0	0	0	0				(100844) 移动端_松舍问霞	松舍问霞・悟						0					0					0			
100846	0		0	0	0	0				(100846) 移动端_松舍_攻击	松舍问霞・悟						0					0					0			
100849	0		0	0	0	0				(100849) 移动端_笑尘诀_奇穴1_1	刚健・悟						0					0					0			
100850	0		0	0	0	0				(100850) 移动端_笑尘诀_奇穴1_2	无妄・悟						0					0					0			
100851	0		0	0	0	0				(100851) 移动端_笑尘诀_奇穴2_1	遁亨・悟						0					0					0			
100852	0		0	0	0	0				(100852) 移动端_笑尘诀_奇穴2_2	利涉・悟						0					0					0			
100853	0		0	0	0	0				(100853) 移动端_笑尘诀_奇穴3_1	载物・悟						0					0					0			
100854	0		0	0	0	0				(100854) 移动端_笑尘诀_奇穴3_2	无虞・悟						0					0					0			
100858	1	0	1	1	0	0	0	1		(100858) 无名-傀儡技・投掷	傀儡术・引爆符	测试技能					1	1			1	0			0		0			
100859	1	0	1	1	0	0	0	1		(100859) 无名-水柱	鬼手・水柱	测试技能					1	1			1	0			0		0			
100860	1	0	1	1	0	0	0	1		(100860) 无名-本体・投掷	鬼手・追影镖	测试技能					1	1			1	0			0		0			
100861	1	0	1	1	0	0	0	1		(100861) 无名-漩涡	阴水涡	测试技能					1	1			1	0			0		0			
100862	1	0	1	1	0	0	0	1		(100862) 无名-傀儡技・冲锋读条	鬼手・将军令	测试技能					1	1			1	0			0		0			
100863	1	0	1	1	0	0	0	1		(100863) 无名-傀儡技・冲锋伤害	傀儡术・冲锋	测试技能					1	1			1	0			0		0			
100864	0		0	0	0	0				(100864) 移动端_明尊_赤日轮	赤日轮・悟						0					0					0			
100865	0		0	0	0	0				(100865) 移动端_明尊_幽月轮	幽月轮・悟						0					0					0			
100866	0		0	0	0	0				(100866) 移动端_明尊_净世破魔击	净世破魔击・悟						0					0					0			
100867	0		0	0	0	0				(100867) 移动端_明尊_烈日斩	烈日斩・悟						0					0					0			
100868	0		0	0	0	0				(100868) 移动端_明尊_银月斩	银月斩・悟						0					0					0			
100869	0		0	0	0	0				(100869) 移动端_明尊_戒火斩	戒火斩・悟						0					0					0			
100870	0		0	0	0	0				(100870) 移动端_明尊_慈悲愿	慈悲愿・悟						0					0					0			
100871	0		0	0	0	0				(100871) 移动端_明尊_极乐引	极乐引・悟						0					0					0			
100872	0		0	0	0	0				(100872) 移动端_明尊_光明相（暂废）	光明相・悟						0					0					0			
100873	0		0	0	0	0				(100873) 移动端_明尊_贪魔体（暂废）	贪魔体・悟						0					0					0			
100874	0		0	0	0	0				(100874) 移动端_明尊_朝圣言	朝圣言・悟						0					0					0			
100879	0		0	0	0	0				(100879) 移动端_千蝶吐瑞治疗子技能	千蝶吐瑞・悟						0					0					0			
100897	0		0	0	0	0				(100897) 移动端_明尊_赤日轮_2段	赤日轮・悟						0					0					0			
100898	0		0	0	0	0				(100898) 移动端_明尊_赤日轮_3段	赤日轮・悟						0					0					0			
100900	0		0	0	0	0				(100900) 移动端_明尊_幽月轮_2段	幽月轮・悟						0					0					0			
100901	0		0	0	0	0				(100901) 移动端_明尊_幽月轮_3段	幽月轮・悟						0					0					0			
100902	0		0	0	0	0				(100902) 移动端_明尊_净世破魔击_日	净世破魔击・悟						0					0					0			
100903	0		0	0	0	0				(100903) 移动端_明尊_净世破魔击_月	净世破魔击・悟						0					0					0			
100905	0		0	0	0	0				(100905) 移动端_莺鸣柳	莺鸣柳・悟						0					0					0			
100906	0		0	0	0	0				(100906) 移动端_九溪弥烟	九溪弥烟・悟						0					0					0			
100907	0		0	0	0	0				(100907) 移动端_探梅	探梅・悟						0					0					0			
100909	0		0	0	0	0				(100909) 移动端_泉凝月	泉凝月・悟						0					0					0			
100910	0		0	0	0	0				(100910) 移动端_醉月	醉月・悟						0					0					0			
100911	0		0	0	0	0				(100911) 移动端_醉舞九天治疗	醉舞九天・悟						0					0					0			
100916	0		0	0	0	0				(100916) 移动端_问水_奇穴_岫烟	载酒・悟						0					0					0			
100917	0		0	0	0	0				(100917) 移动端_问水_奇穴_冲刺增伤	临水・悟						0					0					0			
100918	0		0	0	0	0				(100918) 移动端_问水_奇穴_龙池增伤	凤阙・悟						0					0					0			
100919	0		0	0	0	0				(100919) 移动端_问水_奇穴_梅隐香增强	折梅・悟						0					0					0			
100920	0		0	0	0	0				(100920) 移动端_问水_奇穴_闪避护盾	逸剑・悟						0					0					0			
100921	0		0	0	0	0				(100921) 移动端_问水_奇穴_龙池断潮	澜江・悟						0					0					0			
100929	0		0	0	0	0				(100929) 移动端_明尊_奇穴1_1	七神佑体・悟						0					0					0			
100930	0		0	0	0	0				(100930) 移动端_明尊_奇穴1_2_无明业火（暂废）	无明业火						0					0					0			
100931	0		0	0	0	0				(100931) 移动端_明尊_奇穴3_2	永浴阳炎・悟						0					0					0			
100932	0		0	0	0	0				(100932) 移动端_明尊_奇穴2_2	降魔催光・悟						0					0					0			
100933	0		0	0	0	0				(100933) 移动端_明尊_奇穴3_1_妙镜惊寂（暂废）	妙镜惊寂						0					0					0			
100934	0		0	0	0	0				(100934) 移动端_明尊_奇穴1_2	光明造相・悟						0					0					0			
100935	0		0	0	0	0				(100935) 移动端_明尊_微妙风	微妙风・悟						0					0					0			
100941	0		0	0	0	0				(100941) 移动端_明尊_心火叹	心火叹・悟						0					0					0			
100962	0		0	0	0	0				(100962) 移动端_焚影_幻光步	幻光步・悟						0					0					0			
100985	1	0	1	1	0	0	0	1		(100985) 莫雨爪击实际伤害	攻击	测试技能					1	1			1	0			0		0			
100992	1	0	1	1	0	0	0	1		(100992) 无名-雷管	鬼手・火星	测试技能					1	1			1	0			0		0			
100993	1	0	1	1	0	0	0	1		(100993) 无名-水雾冲击波	鬼手・水雾	测试技能					1	1			1	0			0		0			
100994	0	8424	0	0	0	0				(100994) 移动端_北傲决	北傲决・悟						0					0					0			
100995	0									(100995) 移动端_北傲决_技能	北傲决・悟																			
100999	0		0	0	0	0				(100999) 移动端_项王击鼎一段	项王击鼎・悟						0					0					0			
101000	0		0	0	0	0				(101000) 移动端_项王击鼎二段	项王击鼎・悟						0					0					0			
101001	0		0	0	0	0				(101001) 移动端_项王击鼎三段	项王击鼎・悟						0					0					0			
101002	0		0	0	0	0				(101002) 移动端_刀啸风吟	刀啸风吟・悟						0					0					0			
101003	0		0	0	0	0				(101003) 移动端_破釜沉舟	破釜沉舟・悟						0					0					0			
101004	0		0	0	0	0				(101004) 移动端_闹须弥	闹须弥・悟						0					0					0			
101005	0		0	0	0	0				(101005) 移动端_醉斩白蛇	醉斩白蛇・悟						0					0					0			
101006	0		0	0	0	0				(101006) 移动端_雷走风切	逐鹿中州・悟						0					0					0			
101007	0		0	0	0	0				(101007) 移动端_割据秦宫	割据秦宫・悟						0					0					0			
101008	0		0	0	0	0				(101008) 移动端_擒龙六斩	擒龙六斩・悟						0					0					0			
101009	0		0	0	0	0				(101009) 移动端_坚壁清野	坚壁清野・悟						0					0					0			
101010	0		0	0	0	0				(101010) 移动端_楚河汉界	楚河汉界・悟						0					0					0			
101011	0		0	0	0	0				(101011) 移动端_封渊震煞	封渊震煞・悟						0					0					0			
101014	0		0	0	0	0				(101014) 移动端_散流霞	散流霞・悟						0					0					0			
101015	0		0	0	0	0				(101015) 移动端_上将军印	上将军印・悟						0					0					0			
101016	0		0	0	0	0				(101016) 移动端_横断山河	横断山河・悟						0					0					0			
101018	1	0	1	1	0	0	0	1		(101018) 无名-鬼影・阴水	鬼手・阴	测试技能					1	1			1	0			0		0			
101019	1	0	1	1	0	0	0	1		(101019) 无名-鬼影・阳火	鬼手・阳	测试技能					1	1			1	0			0		0			
101020	1	0	1	1	0	0	0	1		(101020) 无名-水球	阳水球	测试技能					1	1			1	0			0		0			
101024	0	6314	0	0	0	0				(101024) 移动端_心法_分山劲	分山劲・悟						0					0					0			
101025	0	6315	0	0	0	0				(101025) 移动端_心法_铁骨衣	铁骨衣・悟						0					0					0			
101029	0		0	0	0	0				(101029) 移动端_盾刀	盾刀・悟						0					0					0			
101030	0		0	0	0	0				(101030) 移动端_盾击	盾击・悟						0					0					0			
101031	0		0	0	0	0				(101031) 移动端_盾猛	盾猛・悟						0					0					0			
101032	0		0	0	0	0				(101032) 移动端_盾压	盾压・悟						0					0					0			
101033	0		0	0	0	0				(101033) 移动端_盾墙	盾墙・悟						0					0					0			
101034	0		0	0	0	0				(101034) 移动端_盾舞	盾舞・悟						0					0					0			
101035	0		0	0	0	0				(101035) 移动端_阵云结晦	阵云结晦・悟						0					0					0			
101036	0		0	0	0	0				(101036) 移动端_盾壁	盾壁・悟						0					0					0			
101037	0		0	0	0	0				(101037) 移动端_盾立	盾立・悟						0					0					0			
101038	0		0	0	0	0				(101038) 移动端_劫刀	劫刀・悟						0					0					0			
101039	0		0	0	0	0				(101039) 移动端_隐刀	隐刀・悟						0					0					0			
101040	0		0	0	0	0				(101040) 移动端_斩刀	斩刀・悟						0					0					0			
101041	0		0	0	0	0				(101041) 移动端_绝刀	绝刀・悟						0					0					0			
101042	0		0	0	0	0				(101042) 移动端_闪刀	闪刀・悟						0					0					0			
101044	1	0	1	1	0	0	0	1		(101044) 无名-落石读条	鬼手・引雷式	测试技能					1	1			1	0			0		0			
101045	1	3293	1	1	0	0	0	1		(101045) 神机车普通攻击	重弩	对目标造成1次<SKILL PoisonDamage>点(+<SKILLEx {D0} {SkillPoisonAP}>)毒性内功伤害，有10%几率使目标眩晕。					1	1			1	0			0		1			
101046	1	3232	1	1	0	0	0	1		(101046) 神机车加速	洞烛机微	解除自身受控状态，使自身移动速度提高100%，免疫所有控制效果持续8秒。					1	1			1	0			0		0			
101047	1	3175	1	1	0	0	0	1		(101047) 神机车重击	惊魄夺锋	对目标造成毒性内功伤害并附带“化血”效果。					1	1			1	0			0		1			
101048	1	3186	1	1	0	0	0	1		(101048) 神机车瞬发	魂压怒涛	击退自身周围6尺敌对目标，使其眩晕4秒，并造成<SKILL PoisonDamage>点(+<SKILLEx {D0} {SkillPoisonAP}>)毒性内功伤害。					0	1			1	0			0		0			
101049	1	3229	1	1	0	0	0	1		(101049) 神机车下车	下车	解除神机车驾驶状态。					1	1			1	0			0		0			
101050	0									(101050) 移动端_项王击鼎第三段AOE实际伤害	项王击鼎・悟																			
101065	0		0	0	0	0				(101065) 移动端_盾刀_二段	盾刀・悟						0					0					0			
101066	0		0	0	0	0				(101066) 移动端_盾刀_三段	盾刀・悟						0					0					0			
101067	1	315	1	1	0	0	0	1		(101067) 稻草人	稻草人	测试技能					1	1			1	0			0		0			
101068	0									(101068) 移动端_霸刀_闹须弥挂流血	闹须弥・悟																			
101069	0									(101069) 移动端_盾猛_盾墙冲刺	盾猛・悟																			
101070	0		0							(101070) 移动端_盾击_二段	盾击・悟																			
101071	0		0							(101071) 移动端_盾击_三段	盾击・悟																			
101072	1	2193	1	1	0	0	0	1		(101072) 解除稻草人	解除稻草人	测试技能					1	1			1	0			0		0			
101078	0									(101078) 移动端_盾猛_击倒	盾猛・悟																			
101080	0									(101080) 移动端_霸刀_醉斩白蛇_普通伤害	醉斩白蛇・悟																			
101085	0		0	0	0	0				(101085) 移动端_盾墙_收盾	收盾・悟						0					0					0			
101086	1	0	1	1	0	0	0	1		(101086) 无名-水雾波读条	鬼手・水雾	测试技能					1	1			1	0			0		0			
101089	0		0	0	0	0				(101089) 移动端_祭血关山_每秒伤害	祭血关山・悟						0					0					0			
101090	0	10709	0	1	0	0	0	1		(101090) 移动端_心法_凌海决	凌海诀・悟	涛卷波扬击重浪，雕翔破云驰烈风。凌海诀灵动恣意，迅猛无俦。以驭雕之术纵横重溟、伞击之技傲视群豪。习至绝处，九霄四海，逍遥随心。					0	0			0	0					0			
101108	0									(101108) 移动端_霸刀_割据秦宫1段锁足	割据秦宫・悟																			
101109	0									(101109) 移动端_霸刀_割据秦宫2段眩晕	割据秦宫・悟																			
101110	0									(101110) 移动端_霸刀_割据秦宫3段击倒	割据秦宫・悟																			
101111	1	0	1	1	0	0	0	1		(101111) 无名-旋涡冲击波	阴水柱	测试技能					1	1			1	0			0		0			
101118	0									(101118) 移动端_霸刀_擒龙六斩_1段冲刺子技能	擒龙六斩・悟																			
101119	0									(101119) 移动端_霸刀_擒龙六斩_2段冲刺子技能	擒龙六斩・悟																			
101120	0									(101120) 移动端_霸刀_擒龙六斩_3段冲刺子技能	擒龙六斩・悟																			
101121	0									(101121) 移动端_霸刀_擒龙六斩_4段冲刺子技能	擒龙六斩・悟																			
101122	0									(101122) 移动端_霸刀_擒龙六斩_5段冲刺子技能	擒龙六斩・悟																			
101123	0									(101123) 移动端_霸刀_擒龙六斩_6段冲刺子技能	擒龙六斩・悟																			
101124	0	7071	0	0	0	0				(101124) 移动端_莫问_心法	莫问・悟	引气入声，共声和弦，拨弦成曲，凭曲定风。习此功者可以琴曲音波撩动敌人心脉，陷入幻境难以脱身。					0					0					0			
101125	0	7067	0	0	0	0				(101125) 移动端_相知_心法	相知・悟	以音锤意，以意律音，音意相合，探经查脉。习此功者可以内力弹奏音律，引导人体受损经脉，使伤势逐渐平复。					0					0					0			
101126	0									(101126) 移动端_莫问_技能	莫问・悟																			
101129	0									(101129) 移动端_相知_技能	相知・悟																			
101132	0		0	0	0	0				(101132) 移动端_宫	宫・悟						0					0					0			
101133	0		0	0	0	0				(101133) 移动端_徵	徵・悟						0					0					0			
101134	0		0	0	0	0				(101134) 移动端_商	商・悟						0					0					0			
101135	0		0	0	0	0				(101135) 移动端_羽	羽・悟						0					0					0			
101136	0		0	0	0	0				(101136) 移动端_云生结海	云生结海・悟						0					0					0			
101137	0		0	0	0	0				(101137) 移动端_江逐月天	江逐月天・悟						0					0					0			
101138	0		0	0	0	0				(101138) 移动端_清绝影歌	清绝影歌・悟						0					0					0			
101139	0		0	0	0	0				(101139) 移动端_孤影化双	孤影化双・悟						0					0					0			
101140	0		0	0	0	0				(101140) 移动端_疏影横斜	疏影横斜・悟						0					0					0			
101141	0		0	0	0	0				(101141) 移动端_不愧君	不愧君・悟						0					0					0			
101142	0		0	0	0	0				(101142) 移动端_宫_治疗	宫・悟						0					0					0			
101143	0		0	0	0	0				(101143) 移动端_徵_治疗	徵・悟						0					0					0			
101144	0		0	0	0	0				(101144) 移动端_角_治疗	角・悟						0					0					0			
101145	0		0	0	0	0				(101145) 移动端_羽_治疗	羽・悟						0					0					0			
101146	0		0	0	0	0				(101146) 移动端_敛意	敛意・悟						0					0					0			
101147	0		0	0	0	0				(101147) 移动端_孤影化双_治疗	孤影化双・悟						0					0					0			
101148	0		0	0	0	0				(101148) 移动端_疏影横斜_治疗	疏影横斜・悟						0					0					0			
101149	0		0	0	0	0				(101149) 移动端_一指回鸾	一指回鸾・悟						0					0					0			
101163	0		0	0	0	0				(101163) 移动端_青霄飞羽	青霄飞羽・悟						0					0					0			
101165	0		0	0	0	0				(101165) 移动端_凌海诀_奇穴_1_1	天宇・悟						0					0					0			
101166	0		0	0	0	0				(101166) 移动端_凌海诀_奇穴_1_2	鹏程・悟						0					0					0			
101167	0		0	0	0	0				(101167) 移动端_凌海诀_奇穴_2_1	九溟・悟						0					0					0			
101168	0		0	0	0	0				(101168) 移动端_凌海诀_奇穴_2_2	浩渺・悟						0					0					0			
101169	0		0	0	0	0				(101169) 移动端_凌海诀_奇穴_3_1	临霄・悟						0					0					0			
101170	0		0	0	0	0				(101170) 移动端_凌海诀_奇穴_3_2	海溟・悟						0					0					0			
101172	1		0	0	0	0				(101172) 移动端_盾墙_秘籍2_免控减伤	绝刀_二段・悟						0					0					0			
101173	0	12128	0	0	0	0				(101173) 移动端_隐龙诀_心法	隐龙诀・悟						0					0					0			
101174	0		0	0	0	0				(101174) 移动端_绝刀_秘籍2_额外伤害	绝刀・悟・绝篇						0					0					0			
101175	0		0	0	0	0				(101175) 移动端_隐龙诀_技能	隐龙诀・悟						0					0					0			
101176	0		0	0	0	0				(101176) 移动端_星垂平野	星垂平野・悟						0					0					0			
101177	0		0	0	0	0				(101177) 移动端_寂洪荒	寂洪荒・悟						0					0					0			
101178	0		0	0	0	0				(101178) 移动端_残云裂	残云裂・悟						0					0					0			
101179	0		0	0	0	0				(101179) 移动端_孤风飒踏	孤风飒踏・悟						0					0					0			
101180	0		0	0	0	0				(101180) 移动端_孤风飒踏_贰式	孤风飒踏・悟・贰式						0					0					0			
101181	0		0	0	0	0				(101181) 移动端_金戈回澜	金戈回澜・悟						0					0					0			
101182	0		0	0	0	0				(101182) 移动端_金戈回澜_追加技1	金戈回澜・悟・贰式						0					0					0			
101183	0		0	0	0	0				(101183) 移动端_骤雨寒江	骤雨寒江・悟						0					0					0			
101184	0		0	0	0	0				(101184) 移动端_骤雨寒江_贰式	骤雨寒江・悟・贰式						0					0					0			
101185	0		0	0	0	0				(101185) 移动端_铁马冰河	铁马冰河・悟						0					0					0			
101186	0		0	0	0	0				(101186) 移动端_铁马冰河_贰式	铁马冰河・悟・贰式						0					0					0			
101187	0		0	0	0	0				(101187) 移动端_斩无常	斩无常・悟						0					0					0			
101188	0		0	0	0	0				(101188) 移动端_隐风雷	隐风雷・悟						0					0					0			
101189	0									(101189) 移动端_盾阵_范围伤害	盾飞・悟																			
101190	0		0	0	0	0				(101190) 移动端_横云意	横云意・悟						0					0					0			
101191	0		0	0	0	0				(101191) 移动端_崔嵬鬼步	崔嵬鬼步・悟						0					0					0			
101192	0		0	0	0	0				(101192) 移动端_飞刃回转	飞刃回转・悟						0					0					0			
101193	0		0	0	0	0				(101193) 移动端_乱天狼	乱天狼・悟						0					0					0			
101194	0		0	0	0	0				(101194) 移动端_血刀	血刀・悟						0					0					0			
101197	0		0	0	0	0				(101197) 移动端_无惧	无惧・悟						0					0					0			
101198	0									(101198) 移动端_霸刀_坚壁清野_地毯每跳实际伤害	坚壁清野・悟																			
101200	0									(101200) 移动端_霸刀_坚壁清野_释放时单次普通伤害	坚壁清野・悟																			
101202	0		0	0	0	0				(101202) 移动端_断马摧城	断马摧城・悟						0					0					0			
101203	0									(101203) 移动端_盾舞_基础伤害	盾舞・悟																			
101205	0		0	0	0	0					千丝・断篇・悟（暂废）						0					0					0			
101207	0		0	0	0	0				(101207) 移动端_阵云结晦_二段	阵云结晦・悟						0					0					0			
101209	0		0	0	0	0				(101209) 移动端_阵云结晦_三段	阵云结晦・悟						0					0					0			
101212	0									(101212) 移动端_分山_奇穴6_触发伤害	战狂・悟																			
101222	0		0	0	0	0				(101222) 移动端_迷仙引梦	迷仙引梦・悟						0					0					0			
101224	0		0	0	0	0				(101224) 移动端_盾回	盾回・悟						0					0					0			
101225	0		0	0	0	0				(101225) 号钟	风雅・悟						0					0					0			
101226	0		0	0	0	0				(101226) 云汉	对影・悟						0					0					0			
101227	0		0	0	0	0				(101227) 鹿鸣	古调・悟						0					0					0			
101228	0		0	0	0	0				(101228) 盏萤	影荫・悟						0					0					0			
101229	0		0	0	0	0				(101229) 知音	弦歌・悟						0					0					0			
101230	0		0	0	0	0				(101230) 弄影	影杀・悟						0					0					0			
101231	0		0	0	0	0				(101231) 移动端_高山流水	高山流水・悟						0					0					0			
101232	0		0	0	0	0				(101232) 移动端_平沙落雁	平沙落雁・悟						0					0					0			
101233	0		0	0	0	0				(101233) 红隙	雅乐・悟						0					0					0			
101234	0		0	0	0	0				(101234) 笙簧	影护・悟						0					0					0			
101235	0		0	0	0	0				(101235) 枕流	曲意・悟						0					0					0			
101236	0		0	0	0	0				(101236) 庄周梦	影泽・悟						0					0					0			
101237	0		0	0	0	0				(101237) 共潮生	弦音・悟						0					0					0			
101238	0		0	0	0	0				(101238) 桑柔	梅清・悟						0					0					0			
101239	0		0	0	0	0				(101239) 移动端_阳春白雪	阳春白雪・悟						0					0					0			
101240	0		0	0	0	0				(101240) 移动端_梅花三弄	梅花三弄・悟						0					0					0			
101245	0		0	0	0	0				(101245) 移动端_炼狱	血狱・悟						0					0					0			
101246	0		0	0	0	0				(101246) 移动端_镇关	镇关・悟						0					0					0			
101247	0		0	0	0	0				(101247) 移动端_蔑视	睥睨・悟						0					0					0			
101248	0		0	0	0	0				(101248) 移动端_分山_奇穴2	勇毅・悟						0					0					0			
101249	0		0	0	0	0				(101249) 移动端_分山_奇穴5	碎甲・悟						0					0					0			
101250	0		0	0	0	0				(101250) 移动端_分山_奇穴_战狂	战狂・悟						0					0					0			
101256	0									(101256) 移动端_霸刀_上将军印_前方伤害_第1刀初始伤害	上将军印・悟																			
101257	0									(101257) 移动端_霸刀_上将军印_右侧伤害_第2刀递增15%	上将军印・悟																			
101258	0									(101258) 移动端_霸刀_上将军印_左侧伤害_第3刀递增30%	上将军印・悟																			
101259	0									(101259) 移动端_霸刀_上将军印_右侧伤害_第4刀递增45%	上将军印・悟																			
101260	0									(101260) 移动端_霸刀_上将军印_前方伤害_第5刀递增60%	上将军印・悟																			
101262	0									(101262) 移动端_宫秘章额外伤害	余音																			
101264	0									(101264) 移动端_霸刀_横断山河_击飞目标	横断山河・悟																			
101265	1		0	0	0	0				(101265) 移动端_霸刀_横断山河_2段冲刺	横断山河・悟・二式						0					0					0			
101266	0									(101266) 移动端_霸刀_横断山河_2段击落	横断山河・悟																			
101269	0									(101269) 移动端_徵伤害子技能	徵・悟																			
101271	0		0							(101271) 移动端_盾飞_贰式_爆炸	盾飞・悟																			
101296	0		0	0	0	0				(101296) 移动端_霸刀_奇穴1_1	征踏・悟						0					0					0			
101297	0		0	0	0	0				(101297) 移动端_霸刀_奇穴1_2	敛锋・悟						0					0					0			
101298	0		0	0	0	0				(101298) 移动端_霸刀_奇穴2_1	无拘・悟						0					0					0			
101299	0		0	0	0	0				(101299) 移动端_霸刀_奇穴2_2	裁魂・悟						0					0					0			
101300	0		0	0	0	0				(101300) 移动端_霸刀_奇穴3_1	霸王・悟						0					0					0			
101301	0		0	0	0	0				(101301) 移动端_霸刀_奇穴3_2	龙威・悟						0					0					0			
101317	0		0	0	0	0				(101317) 移动端_撼地	撼地・悟						0					0					0			
101324	0		0	0	0	0				(101324) 移动端_隐龙诀_奇穴1_1	索命・悟						0					0					0			
101325	0		0	0	0	0				(101325) 移动端_隐龙诀_奇穴1_2	岿巍・悟						0					0					0			
101326	0		0	0	0	0				(101326) 移动端_隐龙诀_奇穴2_1	劫尘・悟						0					0					0			
101327	0		0	0	0	0				(101327) 移动端_隐龙诀_奇穴2_2	百纳・悟						0					0					0			
101328	0		0	0	0	0				(101328) 移动端_隐龙诀_奇穴3_1	无归・悟						0					0					0			
101329	0		0	0	0	0				(101329) 移动端_隐龙诀_奇穴3_2	堕狱・悟						0					0					0			
101330	0		0	0	0	0				(101330) 移动端_孤影化双_贰式	孤影化双・悟・贰式						0					0					0			
101331	0		0	0	0	0				(101331) 移动端_疏影横斜_贰式	疏影横斜・悟・贰式						0					0					0			
101332	0		0	0	0	0				(101332) 移动端_江逐月天_贰式	江逐月天・悟・贰式						0					0					0			
101333	0		0	0	0	0				(101333) 移动端_清绝影歌_贰式	清绝影歌・悟・贰式						0					0					0			
101339	0		0	0	0	0				(101339) 移动端_盾挡	盾挡・悟						0					0					0			
101341	0									(101341) 移动端_乱天狼_伤害	乱天狼・悟																			
101343	0									(101343) 移动端_撼地_击晕	撼地・悟																			
101344	0		0	0	0	0				(101344) 移动端_寒啸千军	寒啸千军・悟						0					0					0			
101345	0		0	0	0	0				(101345) 移动端_铁骨_奇穴1	先登・悟						0					0					0			
101346	0		0	0	0	0				(101346) 移动端_铁骨_奇穴2	孤注・悟						0					0					0			
101347	0		0	0	0	0				(101347) 移动端_铁骨_奇穴3	厉兵・悟						0					0					0			
101348	0		0	0	0	0				(101348) 移动端_铁骨_奇穴4	焚舟・悟						0					0					0			
101349	0		0	0	0	0				(101349) 移动端_铁骨_奇穴5	不屈・悟						0					0					0			
101350	0		0	0	0	0				(101350) 移动端_铁骨_奇穴6	死地・悟						0					0					0			
101351	0									(101351) 移动端_飞刃回转_伤害	飞刃回转・悟																			
101355	0	15594	0	0	0	0				(101355) 移动端_无方_心法	无方・悟	此功以无方为名，亦代指北天药宗至高典籍《无方制物经》，旨在娴熟使用药理制物，配方运毒。称得上是驱草为刃，毒药双生，足竞百兵之锋。					0					0					0			
101356	0									(101356) 移动端_无方_技能	无方・悟																			
101357	0		0	0	0	0				(101357) 移动端_钩吻断肠	钩吻断肠・悟						0					0					0			
101358	0		0	0	0	0				(101358) 移动端_钩吻断肠_追加技1	钩吻断肠・悟						0					0					0			
101359	0		0	0	0	0				(101359) 移动端_飞叶满襟	飞叶满襟・悟						0					0					0			
101360	0		0	0	0	0				(101360) 移动端_飞叶满襟_追加技1	飞叶满襟・悟						0					0					0			
101361	0		0	0	0	0				(101361) 移动端_川乌射罔	川乌射罔・悟						0					0					0			
101362	0		0	0	0	0				(101362) 移动端_沾衣未妨	沾衣未妨・悟						0					0					0			
101363	0		0	0	0	0				(101363) 移动端_且待时休	且待时休・悟						0					0					0			
101364	0		0	0	0	0				(101364) 移动端_回风微澜	回风微澜・悟						0					0					0			
101365	0		0	0	0	0				(101365) 移动端_紫叶沉疴	紫叶沉疴・悟						0					0					0			
101366	0		0	0	0	0				(101366) 移动端_绿野蔓生	绿野蔓生・悟						0					0					0			
101367	0		0	0	0	0				(101367) 移动端_青圃着尘	青圃着尘・悟						0					0					0			
101368	0		0	0	0	0				(101368) 移动端_并蒂夺株	并蒂夺株・悟						0					0					0			
101369	0		0	0	0	0				(101369) 移动端_凌然天风	凌然天风・悟						0					0					0			
101370	0		0	0	0	0				(101370) 移动端_苍棘缚地	苍棘缚地・悟						0					0					0			
101371	0		0	0	0	0				(101371) 移动端_逐云寒蕊	逐云寒蕊・悟						0					0					0			
101374	0	15593	0	0	0	0				(101374) 移动端_灵素_心法	灵素・悟	汲从百草，承典济芳。此乃药宗一脉相传之术，蕴合《神农本草经》之要义；以百草为根，佐以药性寒、温之效；驱种植株，愈病诊疾，仁心圣手。					0					0					0			
101375	0	17633	0	0	0	0				(101375) 移动端_孤锋诀	孤锋诀・悟						0					0					0			
101376	0									(101376) 移动端_孤锋诀_技能	孤锋诀・悟																			
101380	0		0	0	0	0				(101380) 移动端_行云势	行云势・悟						0					0					0			
101381	0		0	0	0	0				(101381) 移动端_行云三折	行云势・悟						0					0					0			
101382	0		0	0	0	0				(101382) 移动端_沧浪势	沧浪势・悟						0					0					0			
101383	0		0	0	0	0				(101383) 移动端_沧浪三叠	沧浪势・悟						0					0					0			
101384	0		0	0	0	0				(101384) 移动端_决云势	决云势・悟						0					0					0			
101385	0		0	0	0	0				(101385) 移动端_遏云势	遏云势・悟						0					0					0			
101386	0		0	0	0	0				(101386) 移动端_触石雨	触石雨・悟						0					0					0			
101387	0		0	0	0	0				(101387) 移动端_洗兵雨	洗兵雨・悟						0					0					0			
101388	0		0	0	0	0				(101388) 移动端_留客雨	留客雨・悟						0					0					0			
101389	0		0	0	0	0				(101389) 移动端_灭影追风	灭影追风・悟						0					0					0			
101390	0		0	0	0	0				(101390) 移动端_游风飘踪	游风飘踪・悟						0					0					0			
101391	0		0	0	0	0				(101391) 移动端_凝云势_一段	凝云势・悟						0					0					0			
101392	0		0	0	0	0				(101392) 移动端_凝云势_二段	凝云势・悟						0					0					0			
101393	0		0	0	0	0				(101393) 移动端_停云势	停云势・悟						0					0					0			
101394	0		0	0	0	0				(101394) 移动端_驰风八步_1段	驰风八步・悟						0					0					0			
101395	0		0	0	0	0				(101395) 移动端_孤风破浪	孤风破浪・悟						0					0					0			
101396	0		0	0	0	0				(101396) 移动端_怒风倾涛	怒风倾涛・悟						0					0					0			
101401	0									(101401) 移动端_灵素_技能	灵素・悟																			
101402	0		0	0	0	0				(101402) 移动端_白芷含芳	白芷含芳・悟						0					0					0			
101403	0		0	0	0	0				(101403) 移动端_白芷含芳_追加技1	白芷含芳・悟						0					0					0			
101404	0		0	0	0	0				(101404) 移动端_银光照雪	银光照雪・悟						0					0					0			
101405	0		0	0	0	0				(101405) 移动端_当归四逆	当归四逆・悟						0					0					0			
101406	0		0	0	0	0				(101406) 移动端_龙葵自苦	龙葵自苦・悟						0					0					0			
101407	0		0	0	0	0				(101407) 移动端_七情和合	七情和合・悟						0					0					0			
101408	0		0	0	0	0				(101408) 移动端_回风微澜	回风微澜・悟						0					0					0			
101409	0		0	0	0	0				(101409) 移动端_旋生飞草	旋生飞草・悟						0					0					0			
101410	0		0	0	0	0				(101410) 移动端_绿野蔓生	绿野蔓生・悟						0					0					0			
101411	0		0	0	0	0				(101411) 移动端_枯木苏息	枯木苏息・悟						0					0					0			
101412	0		0	0	0	0				(101412) 移动端_千枝绽蕊	千枝绽蕊・悟						0					0					0			
101413	0		0	0	0	0				(101413) 移动端_青川濯莲	青川濯莲・悟						0					0					0			
101414	0		0	0	0	0				(101414) 移动端_逐云寒蕊	逐云寒蕊・悟						0					0					0			
101417	0									(101417) 移动端_无方中和_实际效果	无方中和																			
101419	0		0	0	0	0				(101419) 移动端_无方_奇穴1_1	鬼门・悟						0					0					0			
101420	0		0	0	0	0				(101420) 移动端_无方_奇穴1_2	罔医・悟						0					0					0			
101421	0		0	0	0	0				(101421) 移动端_无方_奇穴2_1	祛疾・悟						0					0					0			
101422	0		0	0	0	0				(101422) 移动端_无方_奇穴2_2	神莹・悟						0					0					0			
101423	0		0	0	0	0				(101423) 移动端_无方_奇穴3_1	济世・悟						0					0					0			
101424	0		0	0	0	0				(101424) 移动端_无方_奇穴3_2	寿延・悟						0					0					0			
101425	0									(101425) 移动端_苍棘缚地_伤害	苍棘缚地・悟																			
101432	0		0	0	0	0				(101432) 移动端_灵素_奇穴1_1	春晖・悟						0					0					0			
101433	0		0	0	0	0				(101433) 移动端_灵素_奇穴1_2	悬壶・悟						0					0					0			
101434	0		0	0	0	0				(101434) 移动端_灵素_奇穴2_1	苏生・悟						0					0					0			
101435	0		0	0	0	0				(101435) 移动端_灵素_奇穴2_2	灵风・悟						0					0					0			
101436	0		0	0	0	0				(101436) 移动端_灵素_奇穴3_1	发荣・悟						0					0					0			
101437	0		0	0	0	0				(101437) 移动端_灵素_奇穴3_2	无拘・悟						0					0					0			
101444	0									(101444) 移动端_灵素中和_实际效果	灵素中和																			
101448	0									(101448) 移动端_决云势_到点后实际伤害	决云势・悟																			
101450	0	13894	0	0	0	0				(101450) 移动端_心法_太玄经	太玄经・悟						0					0					0			
101452	0		0	0	0	0				(101452) 移动端_三星临	三星临・悟						0					0					0			
101453	0		0	0	0	0				(101453) 移动端_天斗璇	天斗旋・悟						0					0					0			
101454	0		0	0	0	0				(101454) 移动端_鬼星开穴	鬼星开穴・悟						0					0					0			
101455	0		0	0	0	0				(101455) 移动端_列宿游	列宿游・悟						0					0					0			
101456	0		0	0	0	0				(101456) 移动端_起卦	起卦・悟						0					0					0			
101457	0		0	0	0	0				(101457) 移动端_奇门飞宫	奇门飞宫・悟						0					0					0			
101458	0		0	0	0	0				(101458) 移动端_兵主逆	兵主逆・悟						0					0					0			
101459	0		0	0	0	0				(101459) 移动端_返闭惊魂	返闭惊魂・悟						0					0					0			
101460	0		0	0	0	0				(101460) 移动端_天人合一	天人合一・悟						0					0					0			
101461	0		0	0	0	0				(101461) 移动端_杀星在尾	杀星在尾・悟						0					0					0			
101462	0		0	0	0	0				(101462) 移动端_斗转星移	斗转星移・悟						0					0					0			
101463	0		0	0	0	0				(101463) 移动端_鸿蒙天禁	鸿蒙天禁・悟						0					0					0			
101466	0									(101466) 移动端_三星临_实际伤害	三星临・悟																			
101467	0									(101467) 移动端_天斗璇_实际伤害	天斗旋・悟																			
101469	0									(101469) 移动端_触石雨_抱摔用击倒	触石雨・悟																			
101473	0		0	0	0	0				(101473) 奇穴1-1	翼轸・悟						0					0					0			
101474	0		0	0	0	0				(101474) 奇穴1-2	辰星・悟						0					0					0			
101475	0		0	0	0	0				(101475) 奇穴2-1	星汉 ・悟						0					0					0			
101476	0		0	0	0	0				(101476) 奇穴2-2	堙灭・悟						0					0					0			
101477	0		0	0	0	0				(101477) 奇穴3-1	七宿・悟						0					0					0			
101478	0		0	0	0	0				(101478) 奇穴3-2	灵灯・悟						0					0					0			
101481	0									(101481) 移动端_兵主逆_伤害子技能	兵主逆・悟																			
101485	0		0	0	0	0				(101485) 移动端_变卦	变卦・悟						0					0					0			
101486	0		0	0	0	0				(101486) 移动端_解卦_水坎	解卦・水坎・悟						0					0					0			
101487	0		0	0	0	0				(101487) 移动端_解卦_土艮	解卦・山艮・悟						0					0					0			
101488	0		0	0	0	0				(101488) 移动端_解卦_火离	解卦・火离・悟						0					0					0			
101491	1	0	1	1	0	0	0	1		(101491) 董龙-竖劈	怒劈星穹	测试技能					1	1			1	0			0		0			
101492	1	0	1	1	0	0	0	1		(101492) 董龙-砸地	千斤坠	测试技能					1	1			1	0			0		0			
101493	1	0	1	1	0	0	0	1		(101493) 董龙-撞击	锚横扫	测试技能					1	1			1	0			0		0			
101494	0									(101494) 移动端_火离_实际伤害	祝由・火离																			
101496	0		0	0	0	0				(101496) 移动端_踏星行	踏星行・悟						0					0					0			
101497	0									(101497) 移动端_杀星在尾_实际效果	杀星在尾・悟																			
101498	0									(101498) 移动端_青川濯莲_范围治疗	青川濯莲・悟																			
101519	0		0	0	0	0				(101519) 移动端_驰风八步_2段	驰风八步・悟						0					0					0			
101520	0									(101520) 移动端_驰风八步_1段伤害子技能	驰风八步・悟																			
101521	0									(101521) 移动端_驰风八步_2段伤害子技能	驰风八步・悟																			
101528	0									(101528) 移动端_孤风破浪_每跳实际伤害	孤风破浪・悟																			
101530	1	0	1	1	0	0	0	1		(101530) 董龙-旋转木	旋转棒击	测试技能					1	1			1	0			0		0			
101531	1	0	1	1	0	0	0	1		(101531) 董龙-木头小技能	回旋木	测试技能					1	1			1	0			0		0			
101537	0		0	0	0	0				(101537) 移动端_孤锋诀_奇穴1_1	斩涛・悟						0					0					0			
101538	0		0	0	0	0				(101538) 移动端_孤锋诀_奇穴1_2	砺身・悟						0					0					0			
101539	0		0	0	0	0				(101539) 移动端_孤锋诀_奇穴2_1	披靡・悟						0					0					0			
101540	0		0	0	0	0				(101540) 移动端_孤锋诀_奇穴2_2	狂潮・悟						0					0					0			
101541	0		0	0	0	0				(101541) 移动端_孤锋诀_奇穴3_1	骇浪・悟						0					0					0			
101542	0		0	0	0	0				(101542) 移动端_孤锋诀_奇穴3_2	倒海・悟						0					0					0			
101551	0		0	0	0	0				(101551) 移动端_疾	疾・悟						0					0					0			
101554	0		0	0	0	0				(101554) 移动端_太阴指伤害	太阴指・悟						0					0					0			
101560	0		0	0	0	0				(101560) 移动端_傲血_突_秘籍1_替换后马上突	突・悟						0					0					0			
101562	1	0	1	1	0	0	0	1		(101562) 龙威巨将-穿刺	龙威巨将-穿刺	测试技能					1	1			1	0			0		0			
101566	0		0	0	0	0				(101566) 移动端_太极无极_贰式	太极无极・悟						0					0					0			
101567	0		0	0	0	0				(101567) 移动端_两仪化形_贰式	两仪化形・悟						0					0					0			
101568	0		0	0	0	0				(101568) 移动端_生太极	生太极・悟						0					0					0			
101569	0		0	0	0	0				(101569) 移动端_坐忘通玄	坐忘通玄・悟						0					0					0			
101570	0		0	0	0	0				(101570) 移动端_破苍穹	破苍穹・悟						0					0					0			
101571	0		0	0	0	0				(101571) 移动端_七星拱瑞	七星拱瑞・悟						0					0					0			
101572	0		0	0	0	0				(101572) 移动端_七星拱瑞_贰式	七星拱瑞・悟						0					0					0			
101573	0		0	0	0	0				(101573) 移动端_紫气逢真	紫气逢真・悟						0					0					0			
101582	0		0	0	0	0				(101582) 移动端_厥阴指打断成功	厥阴指・悟						0					0					0			
101583	0		0	0	0	0				(101583) 移动端_南风吐月额外伤害	南风吐月・悟						0					0					0			
101585	0		0	0	0	0				(101585) 移动端_水榭花楹	水榭花楹・悟						0					0					0			
101587	0		0	0	0	0				(101587) 移动端_握针额外治疗	握针・悟						0					0					0			
101588	0		0	0	0	0				(101588) 移动端_提针范围治疗	提针・悟						0					0					0			
101589	0		0	0	0	0				(101589) 移动端_长针范围治疗	长针・悟						0					0					0			
101597	0		0	0	0	0				(101597) 移动端_清疏治疗	云间・悟						0					0					0			
101598	0		0	0	0	0				(101598) 移动端_坐忘通玄_贰式	坐忘通玄・悟						0					0					0			
101599	1	0	1	1	0	0	0	1		(101599) 中级杀手-横斩	迎空斩击	测试技能					1	1			1	0			0		0			
101600	1	0	1	1	0	0	0	1		(101600) 中级杀手-斩杀	裂空斩击	测试技能					1	1			1	0			0		0			
101602	0		0	0	0	0				(101602) 移动端_乾坤剑来	乾坤剑来・悟						0					0					0			
101608	0		0	0	0	0				(101608) 移动端_江海凝光_AOE伤害	江海凝光・悟						0					0					0			
101609	0		0	0	0	0				(101609) 移动端_剑破虚空_链状技能	剑破虚空・悟						0					0					0			
101610	0		0	0	0	0				(101610) 移动端_剑破秘籍_附加伤害	剑破虚空・悟						0					0					0			
101612	0									(101612) 移动端_剑心通明_伤害	剑心通明・悟																			
101613	0		0	0	0	0				(101613) 移动端_气剑_1把_攻击	飞剑						0					0					0			
101614	0		0	0	0	0				(101614) 移动端_气剑_2把_攻击	飞剑						0					0					0			
101615	0		0	0	0	0				(101615) 移动端_气剑_3把_攻击	飞剑						0					0					0			
101616	0		0	0	0	0				(101616) 移动端_气剑_4把_攻击	飞剑						0					0					0			
101617	0		0	0	0	0				(101617) 移动端_气剑_5把_攻击	飞剑						0					0					0			
101632	0		0	0	0	0				(101632) 移动端_月出东山_通道子技能	月出东山・悟						0					0					0			
101633	0		0	0	0	0				(101633) 移动端_行剑千风_过程伤害	行剑千风・悟						0					0					0			
101634	0		0	0	0	0				(101634) 移动端_行剑千风_最后一击伤害	行剑千风・悟						0					0					0			
101635	0		0	0	0	0				(101635) 移动端_山河流云剑	合璧知意・悟						0					0					0			
101636	0		0	0	0	0				(101636) 移动端_月出东山_绝篇破盾	月出东山・悟						0					0					0			
101641	0									(101641) 移动端_江海凝光_伤害	江海凝光・悟																			
101642	0		0	0	0	0				(101642) 移动端_坐忘离形_盾破_范围伤害	坐忘离形・悟						0					0					0			
101644	0									(101644) 移动端_江海凝光_贰式_伤害	江海凝光・悟																			
101646	0		0	0	0	0				(101646) 移动端_水榭花楹_伤害子技能	水榭花楹・悟						0					0					0			
101649	0		0	0	0	0				(101649) 移动端_江海凝波剑_每跳伤害效果	合璧知意・悟						0					0					0			
101655	0		0	0	0	0				(101655) 移动端_山河流云剑_附加伤害	合璧知意・悟・贰式						0					0					0			
101658	0		0	0	0	0				(101658) 移动端_太虚剑意_气剑命中	气剑						0					0					0			
101665	0		0	0	0	0				(101665) 移动端_五方行尽_延长定身目标	五方行尽・悟						0					0					0			
101673	1	2031	1	1	0	0	0	1		(101673) 机甲-横扫	横扫三军	刘大海师父传授与你的武艺，“剑出睥睨，横扫九州”行此式需腰马合一，力随身动！					0					0					0			
101674	1	2033	1	1	0	0	0	1		(101674) 机甲-突刺	霹雳连斩	刘大海师父传授与你的武艺，“剑出雷霆，霹雳天开”行此式需凝力于臂，顷刻而出！					0					0					0			
101702	0		0	0	0	0				(101702) 移动端_清风垂露	清风垂露・悟						0					0					0			
101706	1		0	0	0	0				(101706) 移动端_盾回_盾压	盾回・悟						0					0					0			
101707	1		0	0	0	0				(101707) 移动端_盾回_盾墙	盾回・悟						0					0					0			
101708	0		0	0	0	0				(101708) 移动端_盾回_盾壁	盾回・悟						0					0					0			
101709	0		0	0	0	0				(101709) 移动端_盾回_盾立	盾回・悟						0					0					0			
101711	0									(101711) 移动端_影子攻击	宫・影																			
101716	0	3165	0	0	0	0				(101716) 移动端_惊羽诀_心法	惊羽诀・悟						1					0					0			
101717	0		0	0	0	0				(101717) 移动端_惊羽诀_技能	惊羽诀・悟						0					0					0			
101721	0		0	0	0	0				(101721) 移动端_惊羽诀_夺魄箭	夺魄箭・悟						0					0					0			
101722	0		0	0	0	0				(101722) 移动端_惊羽诀_罡风镖	罡风镖・悟						0					0					0			
101723	0		0	0	0	0				(101723) 移动端_惊羽诀_追命箭	追命箭・悟						0					0					0			
101724	0		0	0	0	0				(101724) 移动端_惊羽诀_逐星箭	逐星箭・悟						0					0					0			
101725	0		0	0	0	0				(101725) 移动端_惊羽诀_穿心弩	穿心弩・悟						0					0					0			
101726	0		0	0	0	0				(101726) 移动端_惊羽诀_化血镖	化血镖・悟						0					0					0			
101727	0		0	0	0	0				(101727) 移动端_惊羽诀_暴雨索魂针	暴雨索魂针・悟						0					0					0			
101728	0		0	0	0	0				(101728) 移动端_惊羽诀_雷震子	雷震子・悟						0					0					0			
101729	0		0	0	0	0				(101729) 移动端_惊羽诀_飞星绝影	飞星绝影・悟						0					0					0			
101730	0		0	0	0	0				(101730) 移动端_惊羽诀_浮光飞影	浮光飞影・悟						0					0					0			
101731	0		0	0	0	0				(101731) 移动端_惊羽诀_惊鸿游龙	惊鸿游龙・悟						0					0					0			
101732	0		0	0	0	0				(101732) 移动端_惊羽诀_百里追魂	百里追魂・悟						0					0					0			
101733	0		0	0	0	0				(101733) 移动端_惊羽诀_飞火连星	流火连星・悟						0					0					0			
101734	0	3184	0	0	0	0				(101734) 移动端_天罗诡道_心法	天罗诡道・悟						0					0					0			
101735	0		0	0	0	0				(101735) 移动端_惊羽诀_罡风镖2段	罡风镖・悟						0					0					0			
101736	0		0	0	0	0				(101736) 移动端_惊羽诀_罡风镖3段	罡风镖・悟						0					0					0			
101740	0	19664								(101740) 移动端_山海心诀_心法	山海心诀・悟																			
101744	0		0	0	0	0				(101744) 移动端_易筋经_技能	易筋经・悟						0					0					0			
101748	0		0	0	0	0				(101748) 移动端_洗髓经_技能	洗髓经・悟						0					0					0			
101752	0		0	0	0	0				(101752) 移动端_普渡四方	普渡四方・悟						0					0					0			
101753	0		0	0	0	0				(101753) 移动端_守缺式	守缺式・悟						0					0					0			
101754	0		0	0	0	0				(101754) 移动端_韦陀献杵	韦陀献杵・悟						0					0					0			
101755	0		0	0	0	0				(101755) 移动端_拿云式	拿云式・悟						0					0					0			
101756	0		0	0	0	0				(101756) 移动端_横扫六合	横扫六合・悟						0					0					0			
101757	0		0	0	0	0				(101757) 移动端_捕风式	捕风式・悟						0					0					0			
101758	0		0	0	0	0				(101758) 移动端_抢珠式	抢珠式・悟						0					0					0			
101759	0		0	0	0	0				(101759) 移动端_大狮子吼	大狮子吼・悟						0					0					0			
101760	0		0	0	0	0				(101760) 移动端_擒龙诀	擒龙诀・悟						0					0					0			
101761	0		0	0	0	0				(101761) 移动端_锻骨诀	锻骨诀・悟						0					0					0			
101762	0		0	0	0	0				(101762) 移动端_醍醐灌顶	醍醐灌顶・悟						0					0					0			
101763	0		0	0	0	0				(101763) 移动端_金刚日轮阵	金刚日轮阵・悟						0					0					0			
101764	0		0	0	0	0				(101764) 移动端_千斤坠	千斤坠・悟						0					0					0			
101765	0		0	0	0	0				(101765) 移动端_普渡四方	普渡四方・悟						0					0					0			
101766	0		0	0	0	0				(101766) 移动端_立地成佛	立地成佛・悟						0					0					0			
101767	0		0	0	0	0				(101767) 移动端_韦陀献杵	韦陀献杵・悟						0					0					0			
101768	0		0	0	0	0				(101768) 移动端_归去来棍	归去来棍・悟						0					0					0			
101769	0		0	0	0	0				(101769) 移动端_横扫六合	横扫六合・悟						0					0					0			
101770	0		0	0	0	0				(101770) 移动端_抢珠式	抢珠式・悟						0					0					0			
101771	0		0	0	0	0				(101771) 移动端_大狮子吼	大狮子吼・悟						0					0					0			
101772	0		0	0	0	0				(101772) 移动端_擒龙诀	擒龙诀・悟						0					0					0			
101773	0		0	0	0	0				(101773) 移动端_锻骨诀	锻骨诀・悟						0					0					0			
101774	0		0	0	0	0				(101774) 移动端_无相诀	无相诀・悟						0					0					0			
101775	0		0	0	0	0				(101775) 移动端_醍醐灌顶	醍醐灌顶・悟						0					0					0			
101776	0		0	0	0	0				(101776) 移动端_舍身弘法	舍身弘法・悟						0					0					0			
101777	0		0	0	0	0				(101777) 移动端_惊羽诀_飞火连星_初次爆炸【暂废】	流火连星・悟						0					0					0			
101778	0		0	0	0	0				(101778) 移动端_惊羽诀_飞火连星_初次爆炸AOE【暂废】	流火连星・悟						0					0					0			
101779	0		0	0	0	0				(101779) 移动端_惊羽诀_飞火连星_二次爆炸AOE	流火连星・悟						0					0					0			
101780	0		0	0	0	0				(101780) 移动端_易筋经_奇穴1_1	如来・悟						0					0					0			
101781	0		0	0	0	0				(101781) 移动端_易筋经_奇穴1_2	佛陀・悟						0					0					0			
101782	0		0	0	0	0				(101782) 移动端_易筋经_奇穴2_1	刹那・悟						0					0					0			
101783	0		0	0	0	0				(101783) 移动端_易筋经_奇穴2_2	无垢・悟						0					0					0			
101784	0		0	0	0	0				(101784) 移动端_易筋经_奇穴3_1	法界・悟						0					0					0			
101785	0		0	0	0	0				(101785) 移动端_易筋经_奇穴3_2	罗网・悟						0					0					0			
101786	0		0	0	0	0				(101786) 移动端_洗髓经_奇穴1_1	南无・悟						0					0					0			
101787	0		0	0	0	0				(101787) 移动端_洗髓经_奇穴1_2	乐音・悟						0					0					0			
101788	0		0	0	0	0				(101788) 移动端_洗髓经_奇穴2_1	众法・悟						0					0					0			
101789	0		0	0	0	0				(101789) 移动端_洗髓经_奇穴2_2	持戒・悟						0					0					0			
101790	0		0	0	0	0				(101790) 移动端_洗髓经_奇穴3_1	娑罗・悟						0					0					0			
101791	0		0	0	0	0				(101791) 移动端_洗髓经_奇穴3_2	轮回・悟						0					0					0			
101793	0		0	0	0	0				(101793) 移动端_普渡四方_二式	普渡四方・悟						0					0					0			
101794	0		0	0	0	0				(101794) 移动端_大狮子吼_二式	大狮子吼・悟						0					0					0			
101795	0		0	0	0	0				(101795) 移动端_擒龙诀_二式	擒龙诀・悟・贰式						0					0					0			
101796	0		0	0	0	0				(101796) 移动端_禅灵	禅灵						0					0					0			
101797	0		0	0	0	0				(101797) 移动端_惊羽诀_飞星绝影_2段	飞星绝影・悟・贰式						0					0					0			
101798	0		0	0	0	0				(101798) 移动端_惊涛	惊涛・悟						0					0					0			
101799	0		0	0	0	0				(101799) 移动端_通用_鸟翔碧空	鸟翔碧空・悟						0					0					0			
101801	0		0	0	0	0				(101801) 移动端_惊羽诀_百里追魂_实际伤害	百里追魂・悟						0					0					0			
101802	0		0	0	0	0				(101802) 移动端_惊羽诀_奇穴1_1	催心索魂・悟						0					0					0			
101803	0		0	0	0	0				(101803) 移动端_惊羽诀_奇穴1_2	飞影残星・悟						0					0					0			
101804	0		0	0	0	0				(101804) 移动端_惊羽诀_奇穴2_1	碧落黄泉・悟						0					0					0			
101805	0		0	0	0	0				(101805) 移动端_惊羽诀_奇穴2_2	神弩化镖・悟						0					0					0			
101806	0		0	0	0	0				(101806) 移动端_惊羽诀_奇穴3_1	追命夺魄・悟						0					0					0			
101807	0		0	0	0	0				(101807) 移动端_惊羽诀_奇穴3_2	碧空扶摇・悟						0					0					0			
101809	0	2390	1	1	0	0	0	3		(101809) 移动端_风吹荷	风吹荷・悟	强制目标攻击自身，并使自身获得3层持续3秒的“风吹荷”效果：闪避几率提高100%，闪避1次攻击后消失（每0.5秒最多消失1层）。		风过莲塘犹飘香。		辅助技，用来保护气血值和防御都比你低的友方目标。	1	1			1	1				辅助技，强制目标攻击自身并提升自身闪避几率。	1			
101811	0	2591	1	1	0	0	0	7		(101811) 移动端_摘星	玉虹贯日・悟	打断目标运功，若成功打断，造成<SUB 1909 0>外功伤害并使目标眩晕3秒，自身回复20点剑气。<TALENT 2766 1 若成功打断目标运功，则获得20点剑气>		危楼百尺，手摘星辰		控制技，对正在运功的目标使用效果最佳。	1	1			1	1					1			
101813	0		0	0	0	0				(101813) 移动端_惊羽诀_暴雨索魂针_命中化血的额外伤害	暴雨索魂针・悟						0					0					0			
101814	0		0	0	0	0				(101814) 移动端_惊羽诀_强化罡风镖	罡风镖・悟						0					0					0			
101815	0		0	0	0	0				(101815) 移动端_惊羽诀_强化罡风镖2段	罡风镖・悟						0					0					0			
101816	0		0	0	0	0				(101816) 移动端_惊羽诀_强化罡风镖3段	罡风镖・悟						0					0					0			
101818	0		0	0	0	0				(101818) 移动端_普渡四方_二式	普渡四方・悟						0					0					0			
101823	0	2373	1	1	0	0	0	4		(101823) 移动端_霞流宝石	霞流宝石・悟	立即对周围6尺内的最多10个目标均造成<SUB 1611 0>外功伤害并卸除其阳性、混元性、阴性、毒性气劲各一个，附加额外100%武器伤害，并使其4秒内无法使用武器。<TALENT 2746 1 剑气消耗降低3点，招式的有效目标人数增加2个><TALENT 2746 2 剑气消耗降低6点，招式的有效目标人数增加4个><TALENT 2753 1 伤害提高5%，会心几率提高3%><TALENT 2753 2 伤害提高10%，会心几率提高6%>	外功伤害：提高到<SUB 1611 0>。	流云霞鹤气万千，宝石岚光彩流溢。		控制技，在与近战距离内的多名目标战斗时使用效果最佳。	1	1			1	1				控制技，使目标无法使用武器并卸除目标的增益气劲。	0			
101824	0	2364	1	1	0	0	0	6		(101824) 移动端_云栖松	云栖松・悟	藏剑山庄独门身法，卸除自身阳性、混元性、阴性、毒性不利效果各两个并使自身<BUFF 2065 0 desc>，持续10秒。<TALENT 6802 1 调息时间降低10秒，效果持续时间降低5秒，效果期间，自身每累积受到相当于最大气血值20%的伤害，“云栖松”效果结束后会获得一层“乘云”效果，最多5层>	<BUFF 1730 0 desc>。	霞落秋水云栖松。		生存技，受到近战敌人攻击时使用效果最佳。	0	1			1	0				生存技，提升自身闪避几率。	0			
101825	0		0	0	0	0				(101825) 移动端_拿云式_二式	拿云式・悟						0					0					0			
101828	0		0	0	0	0				(101828) 移动端_神龙降世_伤害	神龙降世・悟						0					0					0			
101830	0		0	0	0	0				(101830) 移动端_擒龙诀额外伤害	擒龙诀・悟						0					0					0			
101832	0		0	0	0	0				(101832) 移动端_醍醐灌顶追加攻击	醍醐灌顶・悟						0					0					0			
101833	1	0	1	1	0	0	0	1		(101833) 空读条技能2秒	旋转棒击	测试技能					1	1			1	0			0		0			
101834	1	0	1	1	0	0	0	1		(101834) 空读条技能3秒	抱木蓄力	测试技能					1	1			1	0			0		0			
101835	1	0	1	1	0	0	0	1		(101835) 空读条技能1.5秒	抱木前顶	测试技能					1	1			1	0			0		0			
101837	0		0	0	0	0				(101837) 移动端_金刚日轮阵_气场放技能_命中敌方	金刚日轮阵・悟						0					0					0			
101838	0		0	0	0	0				(101838) 移动端_捕风式加强	捕风式・悟						0					0					0			
101845	0		0	0	0	0				(101845) 移动端_擒龙诀_二式	擒龙诀・悟・贰式						0					0					0			
101853	1	100076	1	1	0	0	0	1		(101853) 玩家轻击一段	玩家轻击一段	测试技能					1	1			1	0			0		0			
101854	1	100077	1	1	0	0	0	1		(101854) 玩家轻击二段	玩家轻击二段	测试技能					1	1			1	0			0		0			
101855	1	100079	1	1	0	0	0	1		(101855) 玩家轻击三段	玩家轻击三段	测试技能					1	1			1	0			0		0			
101856	1	100080	1	1	0	0	0	1		(101856) 玩家重击	玩家重击	测试技能					1	1			1	0			0		0			
101857	1	100081	1	1	0	0	0	1		(101857) 玩家格挡	玩家格挡	测试技能					1	1			1	0			0		0			
101858	1	100082	1	1	0	0	0	1		(101858) 玩家闪避	玩家闪避	测试技能					1	1			1	0			0		0			
101859	0		0	0	0	0				(101859) 移动端_焚影_微妙风	微妙风・悟						0					0					0			
101860	0		0	0	0	0				(101860) 移动端_焚影_微妙风单次伤害	微妙风・悟						0					0					0			
101861	0		0	0	0	0				(101861) 移动端_焚影_微妙风单次伤害（阴性）	微妙风・悟						0					0					0			
101862	0		0	0	0	0				(101862) 移动端_焚影_日月晦	日月晦・悟						0					0					0			
101863	0		0	0	0	0				(101863) 移动端_焚影_日月晦_贰式	日月晦・悟						0					0					0			
101864	0		0	0	0	0				(101864) 移动端_焚影_日月晦_叁式	日月晦・悟						0					0					0			
101866	0		0	0	0	0				(101866) 移动端_亢龙有悔_秘籍1_蓄力一掌	亢龙有悔・悟						0					0					0			
101874	0		0	0	0	0				(101874) 移动端_天罗诡道_技能	天罗诡道・悟						0					0					0			
101875	0		0	0	0	0				(101875) 移动端_蚀肌弹	蚀肌弹・悟						0					0					0			
101876	0		0	0	0	0				(101876) 移动端_天女散花	天女散花・悟						0					0					0			
101877	0		0	0	0	0				(101877) 移动端_千机连弩	千机连弩・悟						0					0					0			
101878	0		0	0	0	0				(101878) 移动端_千机重弩	千机重弩・悟						0					0					0			
101879	0		0	0	0	0				(101879) 移动端_千机毒刹	千机毒刹・悟						0					0					0			
101880	0		0	0	0	0				(101880) 移动端_千秋万劫	千秋万劫・悟						0					0					0			
101881	0		0	0	0	0				(101881) 移动端_天绝地灭	天绝地灭・悟						0					0					0			
101882	0		0	0	0	0				(101882) 移动端_飞星匿影	飞星匿影・悟						0					0					0			
101883	0		0	0	0	0				(101883) 移动端_暗藏杀机	暗藏杀机・悟						0					0					0			
101884	0		0	0	0	0				(101884) 移动端_浮光逐影	浮光逐影・悟						0					0					0			
101885	0		0	0	0	0				(101885) 移动端_鬼斧千机	鬼斧千机・悟						0					0					0			
101886	0		0	0	0	0				(101886) 移动端_暴雨梨花阵	暴雨夺命针・悟						0					0					0			
101887	0		0	0	0	0				(101887) 移动端_千丝绝篇伤害	千丝・悟						0					0					0			
101888	0		0	0	0	0				(101888) 移动端_蛊虫引_二式	蛊虫引・悟						0					0					0			
101889	1	2031	1	1	0	0	0	1		(101889) 神机幽天盘_横扫	横扫三军	刘大海师父传授与你的武艺，“剑出睥睨，横扫九州”行此式需腰马合一，力随身动！					0	0			0	0			0		0			
101890	1	2033	1	1	0	0	0	1		(101890) 神机幽天盘_突刺	霹雳连斩	刘大海师父传授与你的武艺，“剑出雷霆，霹雳天开”行此式需凝力于臂，顷刻而出！					0	0			0	0			0		0			
101891	0		0	0	0	0				(101891) 移动端_天女散花_延迟出伤害	天女散花・悟						0					0					0			
101892	0		0	0	0	0				(101892) 移动端_明尊_煌日照	煌日照・悟						0					0					0			
101893	0		0	0	0	0				(101893) 移动端_明尊_寒月耀	寒月耀・悟						0					0					0			
101894	0		0	0	0	0				(101894) 移动端_明尊_渡厄力	渡厄力・悟						0					0					0			
101895	0		0	0	0	0				(101895) 移动端_明尊_奇穴2_1	圣法妙风・悟						0					0					0			
101896	0		0	0	0	0				(101896) 移动端_明尊_奇穴3_1	心火叹・悟						0					0					0			
101897	0		0	0	0	0				(101897) 移动端_明尊_微妙风_伤害子技能_日	微妙风・悟						0					0					0			
101898	0		0	0	0	0				(101898) 移动端_明尊_微妙风_伤害子技能_月	微妙风・悟						0					0					0			
101901	0		0	0	0	0				(101901) 移动端_千机重弩_伤害	千机重弩・悟						0					0					0			
101902	0		0	0	0	0				(101902) 移动端_千击连弩_伤害	千机连弩・悟						0					0					0			
101903	0		0	0	0	0				(101903) 移动端_飞星匿影_贰式	飞星匿影・悟・贰式						0					0					0			
101910	0		0	0	0	0				(101910) 移动端_蛇影秘章额外伤害	蛇影・悟						0					0					0			
101911	0		0	0	0	0				(101911) 移动端_化蝶伤害	灵蝶・悟						0					0					0			
101912	0		0	0	0	0				(101912) 移动端_寂灭蛊结算伤害	寂灭蛊・悟						0					0					0			
101913	0		0	0	0	0				(101913) 移动端_千机毒刹_伤害	千机毒刹・悟						0					0					0			
101915	0		0	0	0	0				(101915) 移动端_天绝地灭_伤害	天绝地灭・悟						0					0					0			
101916	0		0	0	0	0				(101916) 移动端_暗藏杀机_贰式	暗藏杀机・悟						0					0					0			
101919	0		0	0	0	0				(101919) 移动端_蛊虫寂灭蛊伤害	寂灭蛊・悟						0					0					0			
101920	0		0	0	0	0				(101920) 移动端_灵蛊	灵蛊・悟						0					0					0			
101921	0		0	0	0	0				(101921) 移动端_女娲补天_贰式	女娲补天・悟・贰式						0					0					0			
101924	0		0	0	0	0				(101924) 移动端_碧蝶引单体治疗	碧蝶引・悟						0					0					0			
101925	0		0	0	0	0				(101925) 移动端_碧蝶引群体治疗	碧蝶引・悟						0					0					0			
101927	0		0	0	0	0				(101927) 移动端_蛊惑众生_贰式	蛊惑众生・悟・贰式						0					0					0			
101929	0		0	0	0	0				(101929) 移动端_蛊惑众生秘章治疗	蛊惑众生・悟						0					0					0			
101930	0		0	0	0	0				(101930) 移动端_迷仙引梦治疗	迷仙引梦・悟						0					0					0			
101933	0		0	0	0	0				(101933) 移动端_孔雀引治疗	孔雀引・悟						0					0					0			
101934	0		0	0	0	0				(101934) 移动端_飞来闻踪	飞来闻踪・悟						0					0					0			
101937	1		0	0	0	0				(101937) 移动端_踏云	踏云・悟						0					0					0			
101938	0		0	0	0	0				(101938) 移动端_千机重弩_秘籍1_范围爆炸伤害	千机重弩・悟						0					0					0			
101939	0		0	0	0	0				(101939) 移动端_南风吐月秘章伤害	南风吐月・悟						0					0					0			
101941	0		0	0	0	0				(101941) 移动端_暗藏杀机_贰式_机关爆炸	暗藏杀机・悟						0					0					0			
101943	0		0	0	0	0				(101943) 移动端_天罗诡道_奇穴1_1	神魂俱灭・悟						0					0					0			
101944	0		0	0	0	0				(101944) 移动端_天罗诡道_奇穴1_2	天涯亡命・悟						0					0					0			
101945	0		0	0	0	0				(101945) 移动端_天罗诡道_奇穴2_1	飞鸢折翼・悟						0					0					0			
101946	0		0	0	0	0				(101946) 移动端_天罗诡道_奇穴2_2	毒煞灵机・悟						0					0					0			
101947	0		0	0	0	0				(101947) 移动端_天罗诡道_奇穴3_1	千机万化・悟						0					0					0			
101948	0		0	0	0	0				(101948) 移动端_天罗诡道_奇穴3_2	神机千变・悟						0					0					0			
101950	0		0	0	0	0				(101950) 移动端_傲血_穿云2段	穿云・悟						0					0					0			
101951	0		0	0	0	0				(101951) 移动端_傲血_雷行2段	雷行・悟						0					0					0			
101952	0		0	0	0	0				(101952) 移动端_铁牢_穿云2段	穿云・悟						0					0					0			
101953	0		0	0	0	0				(101953) 移动端_铁牢_雷行2段	雷行・悟						0					0					0			
101954	0		0	0	0	0				(101954) 移动端_暴雨梨花阵_伤害	暴雨夺命针・悟						0					0					0			
101955	0		0	0	0	0				(101955) 移动端_鬼斧千机_伤害	鬼斧千机・悟						0					0					0			
101956	0		0	0	0	0				(101956) 移动端_冥泽	轻云・悟						0					0					0			
101957	1		0	0	0	0				(101957) 移动端_蹑云逐月_战斗内【暂废】	蹑云逐月・悟						0					0					0			
101960	0		0	0	0	0				(101960) 移动端_天下无狗_伤害	天下无狗・悟						0					0					0			
101961	1		0	0	0	0					太极无极测试1						0					0					0			
101962	0		0	0	0	0				(101962) 移动端_太极无极_伤害	太极无极・悟						0					0					0			
101963	0		0	0	0	0				(101963) 移动端_太极无极_贰式_伤害	太极无极・悟						0					0					0			
101965	1		0	0	0	0					太极无极测试2						0					0					0			
101972	0									(101972) 移动端_两仪化形_贰式_伤害	两仪化形・悟・贰式																			
101973	0		0	0	0	0				(101973) 移动端_气破鸿蒙_伤害	气破鸿蒙・悟						0					0					0			
101974	0		0	0	0	0				(101974) 移动端_守缺式_二式	守缺式・悟						0					0					0			
101980	0		0	0	0	0				(101980) 移动端_泠风解怀	泠风解怀・悟						0					0					0			
101981	0		0	0	0	0				(101981) 移动端_八荒归元_伤害	八荒归元・悟						0					0					0			
101982	0		0	0	0	0				(101982) 移动端_八荒归元_贰式_伤害	八荒归元・悟						0					0					0			
101985	0		0	0	0	0				(101985) 移动端_星垂平野_贰式	星垂平野・悟・贰式						0					0					0			
101986	0		0	0	0	0				(101986) 移动端_寂洪荒_贰式	寂洪荒・悟・贰式						0					0					0			
101987	0		0	0	0	0				(101987) 移动端_隐风雷_贰式	隐风雷・悟・贰式						0					0					0			
101989	0									(101989) 移动端_惊羽诀_逐星箭_实际效果	逐星箭・悟																			
101990	0									(101990) 移动端_惊羽诀_暴雨索魂针_实际伤害	暴雨索魂针・悟																			
101991	0									(101991) 移动端_惊羽诀_化血镖_实际伤害	化血镖・悟																			
101992	0									(101992) 移动端_山海心诀_技能	山海心诀・悟																			
101994	0									(101994) 移动端_劲风簇	劲风簇・悟																			
101995	0									(101995) 移动端_劲风簇_贰式	劲风簇・悟・贰式																			
101996	0									(101996) 移动端_霖集簇	霖集簇・悟																			
101997	0									(101997) 移动端_霖集簇_贰式	霖集簇・悟・贰式																			
101998	0									(101998) 移动端_饮雨簇	饮雨簇・悟																			
101999	0									(101999) 移动端_饮雨簇_贰式	饮雨簇・悟・贰式																			
102000	0									(102000) 移动端_携行动物_野猪	野豕叱虎・悟																			
102001	0									(102001) 移动端_携行动物_野猪_贰式_虎	野豕叱虎・悟・贰式																			
102002	0									(102002) 移动端_携行动物_鹰	疾隼驰狼・悟																			
102003	0									(102003) 移动端_携行动物_鹰_贰式_狼	疾隼驰狼・悟・贰式																			
102004	0									(102004) 移动端_携行动物_熊	巨熊龙象・悟																			
102005	0									(102005) 移动端_携行动物_熊_贰式_大象	巨熊龙象・悟・贰式																			
102006	0									(102006) 移动端_澄神醒梦	澄神醒梦・悟																			
102007	0									(102007) 移动端_朝仪万汇	朝仪万汇・悟																			
102008	0									(102008) 移动端_应天授命	应天授命・悟																			
102009	0									(102009) 移动端_游雾乘云	游雾乘云・悟																			
102010	0									(102010) 移动端_白虹贯日	白虹贯日・悟																			
102011	0									(102011) 移动端_归平野	归平野・悟																			
102012	0									(102012) 移动端_山海心诀_奇穴1_1	射日・悟																			
102013	0									(102013) 移动端_山海心诀_奇穴1_2	白泽・悟																			
102014	0									(102014) 移动端_山海心诀_奇穴2_1	伴生・悟																			
102015	0									(102015) 移动端_山海心诀_奇穴2_2	灵o・悟																			
102016	0									(102016) 移动端_山海心诀_奇穴3_1	偕行・悟																			
102017	0									(102017) 移动端_山海心诀_奇穴3_2	佑护・悟																			
102018	0									(102018) 移动端_劲风簇_伤害	劲风簇・悟																			
102019	0									(102019) 移动端_劲风簇_贰式_伤害	劲风簇・悟																			
102020	0									(102020) 移动端_风尽浮生	风尽浮生・悟																			
102021	0									(102021) 移动端_擒龙六斩_2段	擒龙六斩・悟																			
102022	0									(102022) 移动端_擒龙六斩_3段	擒龙六斩・悟																			
102023	0									(102023) 移动端_金戈回澜_伤害	金戈回澜・悟																			
102024	0									(102024) 移动端_霖集簇_伤害	霖集簇・悟																			
102025	0									(102025) 移动端_霖集簇_贰式_伤害	霖集簇・悟																			
102027	0									(102027) 移动端_饮雨簇_贰式_伤害	饮雨簇・悟																			
102028	0									(102028) 移动端_携行动物_野猪_伤害	野豕叱虎・悟																			
102029	0									(102029) 移动端_携行动物_野猪_贰式_虎_伤害	野豕叱虎・悟・贰式																			
102030	0									(102030) 移动端_携行动物_鹰_伤害	疾隼驰狼・悟																			
102031	0									(102031) 移动端_携行动物_鹰_贰式_狼_伤害	疾隼驰狼・悟・贰式																			
102032	0									(102032) 移动端_携行动物_熊_伤害	巨熊龙象・悟																			
102033	0									(102033) 移动端_携行动物_熊_贰式大象_伤害	巨熊龙象・悟・贰式																			
102035	0									(102035) 移动端_朝仪万汇_伤害	朝仪万汇・悟																			
102037	0									(102037) 移动端_白虹贯日_伤害	白虹贯日・悟																			
102038	0									(102038) 移动端_剑影留痕_伤害	剑影留痕・悟																			
102039	0									(102039) 移动端_盾飞	盾飞・悟																			
102040	0									(102040) 移动端_祭血关山	祭血关山・悟																			
102041	0									(102041) 移动端_祭血关山_贰式	祭血关山・悟																			
102042	0									(102042) 移动端_矢尽兵穷	矢尽兵穷・悟																			
102044	0	16386	1	1	0	0	0	1		(102044) 提多罗吒_龙象般若功_一层_移动端母技能	龙象般若功	持续运功，每3秒消耗<MONSTER nSpecialValue1 29952>点耐力，持续15秒。生成“龙形气劲”飞向目标位置，对碰到的敌人造成<MONSTER nSpecialValue2 29952>点阳性内功伤害和<MONSTER nSpecialValue3 29952>点耐力打击。目标耐力百分比越低，伤害越高，目标精神百分比越低，耐力打击越高。若成功击杀目标，回复自身<MONSTER nSpecialValue5 29952>点气血值。\n招式达到三重后，激活二段招式，可以使龙形气劲飞回释放者身边，将吞噬到的气血值和耐力反哺给释放者，并根据吞噬量提高释放者的内功攻击力。若不选择飞回，则会在运功结束时，对周围12尺敌方目标造成多次打击，打击次数和龙形气劲击杀的目标数量相关，打击量和龙形气劲的吞噬量有关。运功期间，若释放者精神或耐力低于10%，则会收到反噬，重伤且无法被战复。				伤害技，生成并控制“龙形气劲”，对碰到气劲的目标造成伤害和耐力打击。	0	0			1	0			0	伤害技，生成并控制“龙形气劲”，对碰到气劲的目标造成伤害和耐力打击。	0			
102046	0									(102046) 移动端_骤雨寒江_伤害	骤雨寒江・悟																			
102048	0									(102048) 移动端_云生结海	云生结海・悟																			
102049	0									(102049) 移动端_江逐月天	江逐月天・悟																			
102050	0									(102050) 移动端_江逐月天_贰式	江逐月天・悟・贰式																			
102051	0									(102051) 移动端_敛意_贰式	敛意・悟・贰式																			
102052	0									(102052) 移动端_孤影化双_贰式	孤影化双・悟・贰式																			
102053	0									(102053) 移动端_疏影横斜_贰式	疏影横斜・悟・贰式																			
102054	0									(102054) 移动端_隐风雷_伤害	隐风雷・悟																			
102055	0									(102055) 移动端_隐风雷_贰式_伤害	隐风雷・悟																			
102057	0									(102057) 移动端_高山流水额外伤害	高山流水・悟																			
102058	0									(102058) 移动端_宫奇卷额外治疗	回响																			
102059	0									(102059) 移动端_阳春白雪额外治疗	阳春白雪・悟																			
102060	0									(102060) 移动端_徵治疗子技能	徵・悟																			
102061	0									(102061) 移动端_铁骨衣_盾刀	盾刀・悟																			
102062	0									(102062) 移动端_铁骨衣_盾击	盾击・悟																			
102063	0									(102063) 移动端_铁骨衣_盾猛	盾猛・悟																			
102064	0									(102064) 移动端_铁骨衣_盾压	盾压・悟																			
102067	0									(102067) 移动端_铁骨衣_盾墙	盾墙・悟																			
102068	0									(102068) 移动端_铁骨衣_盾舞	盾舞・悟																			
102069	0									(102069) 移动端_铁骨衣_盾壁	盾壁・悟																			
102070	0									(102070) 移动端_铁骨衣_斩刀	斩刀・悟																			
102071	0									(102071) 移动端_铁骨衣_绝刀	绝刀・悟																			
102072	0									(102072) 移动端_铁骨衣_断马摧城	断马摧城・悟																			
102073	0		0							(102073) 移动端_铁骨衣_盾刀_贰式	盾刀・悟																			
102074	0		0							(102074) 移动端_铁骨衣_盾刀_叁式	盾刀・悟																			
102075	0		0							(102075) 移动端_铁骨衣_盾击_贰式	盾击・悟																			
102076	0		0							(102076) 移动端_铁骨衣_盾击_叁式	盾击・悟																			
102077	0									(102077) 移动端_风尽浮生_射箭	风尽浮生・悟																			
102078	0									(102078) 移动端_铁马冰河_伤害	铁马冰河・悟																			
102079	0									(102079) 移动端_行云势_2段	行云势・悟																			
102080	0									(102080) 移动端_行云势_3段	行云势・悟																			
102082	0									(102082) 移动端_行云三折_2段	行云势・悟																			
102083	0									(102083) 移动端_行云三折_3段	行云势・悟																			
102084	0									(102084) 移动端_影子治疗	宫・影																			
102085	0									(102085) 移动端_沧浪势_2段	沧浪势・悟																			
102086	0									(102086) 移动端_沧浪势_3段	沧浪势・悟																			
102087	0									(102087) 移动端_沧浪三叠_2段	沧浪势・悟																			
102088	0									(102088) 移动端_沧浪三叠_3段	沧浪势・悟																			
102091	0									(102091) 移动端_击水三千_一式	击水三千・悟																			
102092	0									(102092) 移动端_击水三千_贰式	击水三千・悟																			
102093	0									(102093) 移动端_击水三千_叁式	击水三千・悟																			
102094	0									(102094) 移动端_木落雁归_一式	木落雁归・悟																			
102095	0									(102095) 移动端_木落雁归_贰式	木落雁归・悟																			
102096	0									(102096) 移动端_浮游天地	浮游天地・悟																			
102097	0									(102097) 移动端_浮游天地_贰式	浮游天地・悟・贰式																			
102098	0									(102098) 移动端_跃潮斩波	跃潮斩波・悟																			
102099	0									(102099) 移动端_定波砥澜	定波砥澜・悟																			
102100	0									(102100) 移动端_鸿渐于飞	鸿渐于飞・悟																			
102101	0									(102101) 移动端_鸿渐于飞_贰式	鸿渐于飞・悟																			
102102	0									(102102) 移动端_鸿渐于飞_叁式	鸿渐于飞・悟																			
102103	0									(102103) 移动端_溟海御波	溟海御波・悟																			
102104	0									(102104) 移动端_逐波灵游	逐波灵游・悟																			
102105	0									(102105) 移动端_振翅图南	振翅图南・悟																			
102106	0									(102106) 移动端_驭羽骋风	驭羽骋风・悟																			
102108	0		0							(102108) 移动端_逸尘步虚	逸尘步虚・悟																			
102111	0									(102111) 移动端_澹然若海	澹然若海・悟																			
102112	0									(102112) 移动端_飞倾列缺	飞倾列缺・悟																			
102113	0									(102113) 移动端_定波抵澜_贰式	定波砥澜・悟・贰式																			
102116	0									(102116) 移动端_双链时伤害	双手链接・悟																			
102118	0									(102118) 移动端_铁马冰河_贰式_伤害	铁马冰河・悟・贰式																			
102120	0									(102120) 移动端_鸿渐于飞_二段击倒	鸿渐于飞・悟																			
102128	0									(102128) 移动端_跃潮斩波_攻击	跃潮斩波・悟																			
102130	0									(102130) 移动端_定波砥澜_防御反击	定波砥澜・悟																			
102131	0									(102131) 移动端_当归四逆_实际效果	当归四逆・悟																			
102134	0									(102134) 移动端_振翅图南_龙卷_伤害	振翅图南・悟																			
102136	0									(102136) 移动端_行云势1段壳技能	行云势・悟																			
102137	0									(102137) 移动端_行云势2段壳技能	行云势・悟																			
102138	0									(102138) 移动端_行云势3段壳技能	行云势・悟																			
102142	0									(102142) 移动端_沧浪势1段壳技能	沧浪势・悟																			
102143	0									(102143) 移动端_沧浪势2段壳技能	沧浪势・悟																			
102144	0									(102144) 移动端_沧浪势3段壳技能	沧浪势・悟																			
102145	0									(102145) 移动端_澹然若海_龙卷_伤害	澹然若海・悟																			
102150	0									(102150) 移动端_旋生飞草_实际效果	旋生飞草・悟																			
102151	0									(102151) 移动端_孤锋诀_奇穴_沧浪势特殊攻击	沧浪势・悟																			
102152	0		0							(102152) 移动端_物化天行	物化天行・悟																			
102153	0		0							(102153) 移动端_物化天行_贰式	物化天行・悟・上升																			
102157	0									(102157) 移动端_川乌射罔_伤害	川乌射罔・悟																			
102158	0									(102158) 移动端_沾衣未妨_伤害	沾衣未妨・悟																			
102159	0									(102159) 移动端_且待时休_伤害	且待时休・悟																			
102160	0									(102160) 移动端_跃潮斩波_额外伤害	跃潮斩波・悟																			
102161	0		0							(102161) 移动端_定波砥澜_秘籍	定波砥澜・悟																			
102163	0									(102163) 移动端_青圃着尘_伤害	青圃着尘・悟																			
102164	0									(102164) 移动端_并蒂夺株_伤害	并蒂夺株・悟																			
102165	0									(102165) 移动端_归平野_伤害	归平野・悟																			
102166	0									(102166) 移动端_归平野_贰式	归平野・悟・贰式																			
102167	0									(102167) 移动端_归平野_贰式_伤害	归平野・悟																			
102168	0									(102168) 移动端_归平野_叁式	归平野・悟・叁式																			
102169	0									(102169) 移动端_归平野_叁式_伤害	归平野・悟																			
102172	0									(102172) 移动端_绿野蔓生_伤害	绿野蔓生・悟																			
102173	0									(102173) 移动端_振翅图南_秘籍_额外伤害	振翅图南・悟・秘章																			
102177	0									(102177) 移动端_天人合一_贰式	天人合一・结																			
102178	0									(102178) 移动端_三星临_治疗	三星临・天人合一																			
102179	0									(102179) 移动端_天斗璇_治疗	天斗璇・天人合一																			
102180	0									(102180) 移动端_兵主逆_治疗	兵主逆・天人合一																			
102181	0									(102181) 移动端_三星临_治疗_子技能	三星临・天人合一																			
102182	0									(102182) 移动端_兵主逆_治疗_子技能	兵主逆・天人合一																			
102185	0									(102185) 移动端_鬼星开穴_实际伤害	鬼星开穴・悟																			
102187	0									(102187) 移动端_鬼星开穴_灯魂伤害	鬼星开穴・悟																			
102193	0									(102193) 移动端_火离_额外伤害	火离・悟																			
102201	0									(102201) 移动端_飞倾列缺_升空伤害	飞倾列缺・悟																			
102203	0									(102203) 移动端_飞倾列缺_持续伤害	飞倾列缺・悟																			
102205	0									(102205) 移动端_衍天_奇穴2_实际伤害	辰星・悟																			
102207	0									(102207) 移动端_奇穴4_驰风震域_引爆伤害	浩渺・悟																			
102212	0									(102212) 移动端_祭血关山_贰式_伤害	祭血关山・悟																			
102214	0									(102214) 移动端_踏星行_贰式	踏星行・悟・贰式																			
