莫问 118.96499358510258 101.1202445473372 89.22374518882692
笑尘诀 114.33724354510085 97.18665701333572 85.75293265882563
分山劲 112.31171513594109 95.46495786554993 84.23378635195581
隐龙诀 110.19954070086358 93.66960959573404 82.64965552564767
天罗诡道 102.92553580373381 87.48670543317374 77.19415185280035
花间游 100.58609310395393 85.49817913836084 75.43956982796544
凌海诀 99.6770200451445 84.72546703837283 74.75776503385838
山居剑意 99.57474932602844 84.63853692712418 74.68106199452133
傲血战意 99.2636758887171 84.37412450540953 74.44775691653783
焚影圣诀 98.38159093634108 83.62435229588992 73.7861932022558
易筋经 95.47610821478689 81.15469198256886 71.60708116109016
太虚剑意 95.17994925734664 80.90295686874464 71.38496194300998
毒经 94.83336515367554 80.6083603806242 71.12502386525665
北傲诀 93.28225924708197 79.28992036001968 69.96169443531147
惊羽诀 93.07274631555948 79.11183436822556 69.80455973666962
紫霞功 87.74188508163485 74.58060231938963 65.80641381122614
冰心诀 84.19152865898774 71.56279936013958 63.1436464942408